  #time                     mass                      x-momentum                y-momentum                z-momentum                E_total                   E_kinetic                 E_internal               
  0.000000000000000000E+00  1.000000000000002665E+00  2.236681987811218601E-11  0.000000000000000000E+00  0.000000000000000000E+00  2.500000000250036103E-01  2.500034831448640601E-11  2.500000000000032196E-01
  7.966059505126360171E-03  1.000000000000002442E+00  2.236681987852546612E-11  0.000000000000000000E+00  0.000000000000000000E+00  2.500000000250036103E-01  2.499939758403467314E-11  2.500000000000042744E-01
  2.194129718635210585E-02  1.000000000000002442E+00  2.236681987778256746E-11  0.000000000000000000E+00  0.000000000000000000E+00  2.500000000250036658E-01  2.499774204081260959E-11  2.500000000000058842E-01
  3.591653664839097176E-02  1.000000000000002442E+00  2.236681988018319100E-11  0.000000000000000000E+00  0.000000000000000000E+00  2.500000000250037213E-01  2.499607577519455369E-11  2.500000000000076050E-01
  4.989177433745893564E-02  1.000000000000001998E+00  2.236681987985580519E-11  0.000000000000000000E+00  0.000000000000000000E+00  2.500000000250036658E-01  2.499442095775761986E-11  2.500000000000093259E-01
  6.386701380868577138E-02  1.000000000000001998E+00  2.236681987852876838E-11  0.000000000000000000E+00  0.000000000000000000E+00  2.500000000250036103E-01  2.499275553096048504E-11  2.500000000000108802E-01
  7.784225150666647386E-02  1.000000000000001998E+00  2.236681988075010376E-11  0.000000000000000000E+00  0.000000000000000000E+00  2.500000000250035548E-01  2.499110146189183933E-11  2.500000000000124900E-01
  9.181749098791969210E-02  1.000000000000002220E+00  2.236681987983197528E-11  0.000000000000000000E+00  0.000000000000000000E+00  2.500000000250035548E-01  2.498943683864449241E-11  2.500000000000141553E-01
  1.057927286957669188E-01  1.000000000000001998E+00  2.236681987942363240E-11  0.000000000000000000E+00  0.000000000000000000E+00  2.500000000250035548E-01  2.498778334480265689E-11  2.500000000000157097E-01
  1.197679681876779589E-01  1.000000000000001554E+00  2.236681987857920378E-11  0.000000000000000000E+00  0.000000000000000000E+00  2.500000000250034993E-01  2.498611927058187219E-11  2.500000000000174305E-01
  1.337432059060017497E-01  1.000000000000001554E+00  2.236681987844343307E-11  0.000000000000000000E+00  0.000000000000000000E+00  2.500000000250035548E-01  2.498446618526707348E-11  2.500000000000190958E-01
  1.477184454090282040E-01  1.000000000000001554E+00  2.236681987915275983E-11  0.000000000000000000E+00  0.000000000000000000E+00  2.500000000250035548E-01  2.498280251186557264E-11  2.500000000000207057E-01
  1.616936831384993278E-01  1.000000000000001332E+00  2.236681987741533804E-11  0.000000000000000000E+00  0.000000000000000000E+00  2.500000000250035548E-01  2.498114972521071566E-11  2.500000000000224265E-01
  1.756689226530848691E-01  1.000000000000000888E+00  2.236681987671427339E-11  0.000000000000000000E+00  0.000000000000000000E+00  2.500000000250035548E-01  2.497948634581932875E-11  2.500000000000240918E-01
  1.896441603942749243E-01  1.000000000000000666E+00  2.236681987673162803E-11  0.000000000000000000E+00  0.000000000000000000E+00  2.500000000250035548E-01  2.497783377797825225E-11  2.500000000000257572E-01
  2.036193999208098515E-01  1.000000000000000666E+00  2.236681987984586933E-11  0.000000000000000000E+00  0.000000000000000000E+00  2.500000000250035548E-01  2.497617061142439191E-11  2.500000000000274225E-01
  2.175946376740523491E-01  1.000000000000000222E+00  2.236681987956157123E-11  0.000000000000000000E+00  0.000000000000000000E+00  2.500000000250035548E-01  2.497451821650999134E-11  2.500000000000290323E-01
  2.315698772125871496E-01  1.000000000000000222E+00  2.236681987975212973E-11  0.000000000000000000E+00  0.000000000000000000E+00  2.500000000250035548E-01  2.497285521934056752E-11  2.500000000000306977E-01
  2.455451149777867770E-01  9.999999999999998890E-01  2.236681988157827634E-11  0.000000000000000000E+00  0.000000000000000000E+00  2.500000000250035548E-01  2.497120297856259517E-11  2.500000000000323075E-01
  2.595203545281238866E-01  1.000000000000000000E+00  2.236681988143741653E-11  0.000000000000000000E+00  0.000000000000000000E+00  2.500000000250035548E-01  2.496954013453855964E-11  2.500000000000340283E-01
  2.734955923051159976E-01  9.999999999999997780E-01  2.236681988073070379E-11  0.000000000000000000E+00  0.000000000000000000E+00  2.500000000250034993E-01  2.496788804560684643E-11  2.500000000000356382E-01
  2.874708318672287710E-01  9.999999999999998890E-01  2.236681988012036728E-11  0.000000000000000000E+00  0.000000000000000000E+00  2.500000000250035548E-01  2.496622535358310658E-11  2.500000000000373590E-01
  3.014460696561271358E-01  9.999999999999996669E-01  2.236681987978644481E-11  0.000000000000000000E+00  0.000000000000000000E+00  2.500000000250035548E-01  2.496457342166023210E-11  2.500000000000389133E-01
  3.154213092301853538E-01  9.999999999999998890E-01  2.236681988010973672E-11  0.000000000000000000E+00  0.000000000000000000E+00  2.500000000250035548E-01  2.496291088715765629E-11  2.500000000000406342E-01
  3.293965470311407406E-01  9.999999999999994449E-01  2.236681987949603332E-11  0.000000000000000000E+00  0.000000000000000000E+00  2.500000000250035548E-01  2.496125911972619621E-11  2.500000000000422995E-01
  3.433717866171733801E-01  9.999999999999991118E-01  2.236681988034413256E-11  0.000000000000000000E+00  0.000000000000000000E+00  2.500000000250035548E-01  2.495959675147005357E-11  2.500000000000439648E-01
  3.573470244300973042E-01  9.999999999999991118E-01  2.236681988019548239E-11  0.000000000000000000E+00  0.000000000000000000E+00  2.500000000250036103E-01  2.495794515769575391E-11  2.500000000000456302E-01
  3.713222640279906228E-01  9.999999999999991118E-01  2.236681988144170753E-11  0.000000000000000000E+00  0.000000000000000000E+00  2.500000000250034993E-01  2.495628296654676108E-11  2.500000000000471845E-01
  3.852975018528015383E-01  9.999999999999990008E-01  2.236681988075119912E-11  0.000000000000000000E+00  0.000000000000000000E+00  2.500000000250034993E-01  2.495463155583290443E-11  2.500000000000488498E-01
  3.992727414626086047E-01  9.999999999999992228E-01  2.236681988072843550E-11  0.000000000000000000E+00  0.000000000000000000E+00  2.500000000250034438E-01  2.495296955052863161E-11  2.500000000000505151E-01
  4.132479792994666612E-01  9.999999999999992228E-01  2.236681987821015198E-11  0.000000000000000000E+00  0.000000000000000000E+00  2.500000000250034993E-01  2.495131832798944951E-11  2.500000000000521805E-01
  4.272232189213558962E-01  9.999999999999992228E-01  2.236681987698235423E-11  0.000000000000000000E+00  0.000000000000000000E+00  2.500000000250034993E-01  2.494965651266851396E-11  2.500000000000537903E-01
  4.411984567703653992E-01  9.999999999999993339E-01  2.236681987859434183E-11  0.000000000000000000E+00  0.000000000000000000E+00  2.500000000250034993E-01  2.494800548032932582E-11  2.500000000000554556E-01
  4.551736964042763511E-01  9.999999999999992228E-01  2.236681987969357116E-11  0.000000000000000000E+00  0.000000000000000000E+00  2.500000000250034438E-01  2.494634385841284639E-11  2.500000000000571210E-01
  4.691489342652304662E-01  9.999999999999992228E-01  2.236681988161192902E-11  0.000000000000000000E+00  0.000000000000000000E+00  2.500000000250034438E-01  2.494469302037180546E-11  2.500000000000587863E-01
  4.831241739109259914E-01  9.999999999999987788E-01  2.236681988207880462E-11  0.000000000000000000E+00  0.000000000000000000E+00  2.500000000250035548E-01  2.494303159700905900E-11  2.500000000000604516E-01
  4.970994117836243231E-01  9.999999999999987788E-01  2.236681988133161173E-11  0.000000000000000000E+00  0.000000000000000000E+00  2.500000000250034993E-01  2.494138095694593318E-11  2.500000000000621170E-01
  5.110746514410746677E-01  9.999999999999986677E-01  2.236681988100840060E-11  0.000000000000000000E+00  0.000000000000000000E+00  2.500000000250034993E-01  2.493971973392693208E-11  2.500000000000637823E-01
  5.250498893256347888E-01  9.999999999999987788E-01  2.236681988212007964E-11  0.000000000000000000E+00  0.000000000000000000E+00  2.500000000250036103E-01  2.493806929066652067E-11  2.500000000000655032E-01
  5.390251289950255265E-01  9.999999999999986677E-01  2.236681988423538080E-11  0.000000000000000000E+00  0.000000000000000000E+00  2.500000000250036103E-01  2.493640826538539073E-11  2.500000000000672240E-01
  5.530003668916242399E-01  9.999999999999988898E-01  2.236681988576176167E-11  0.000000000000000000E+00  0.000000000000000000E+00  2.500000000250036103E-01  2.493475801633806264E-11  2.500000000000687783E-01
  5.669756065730119365E-01  9.999999999999988898E-01  2.236681988605471932E-11  0.000000000000000000E+00  0.000000000000000000E+00  2.500000000250036103E-01  2.493309718805823508E-11  2.500000000000704992E-01
  5.809508444816003925E-01  9.999999999999987788E-01  2.236681988624241823E-11  0.000000000000000000E+00  0.000000000000000000E+00  2.500000000250035548E-01  2.493144713526635741E-11  2.500000000000721645E-01
  5.949260841749004491E-01  9.999999999999987788E-01  2.236681988605534617E-11  0.000000000000000000E+00  0.000000000000000000E+00  2.500000000250036103E-01  2.492978650774967193E-11  2.500000000000738298E-01
  6.089013220954292427E-01  9.999999999999984457E-01  2.236681988539999294E-11  0.000000000000000000E+00  0.000000000000000000E+00  2.500000000250035548E-01  2.492813665444084526E-11  2.500000000000754397E-01
  6.228765618007108262E-01  9.999999999999984457E-01  2.236681988440470403E-11  0.000000000000000000E+00  0.000000000000000000E+00  2.500000000250035548E-01  2.492647622852589176E-11  2.500000000000771050E-01
  6.368517997333554836E-01  9.999999999999982236E-01  2.236681988402320574E-11  0.000000000000000000E+00  0.000000000000000000E+00  2.500000000250036103E-01  2.492482657264820735E-11  2.500000000000787703E-01
  6.508270394507916778E-01  9.999999999999981126E-01  2.236681988380179599E-11  0.000000000000000000E+00  0.000000000000000000E+00  2.500000000250035548E-01  2.492316634472454278E-11  2.500000000000804357E-01
  6.648022773956657749E-01  9.999999999999977796E-01  2.236681988521409379E-11  0.000000000000000000E+00  0.000000000000000000E+00  2.500000000250034993E-01  2.492151688370364977E-11  2.500000000000819900E-01
  6.787775171252041773E-01  9.999999999999982236E-01  2.236681988206801250E-11  0.000000000000000000E+00  0.000000000000000000E+00  2.500000000250035548E-01  2.491985685436188109E-11  2.500000000000836553E-01
  6.927527550821109825E-01  9.999999999999982236E-01  2.236681988112354349E-11  0.000000000000000000E+00  0.000000000000000000E+00  2.500000000250034993E-01  2.491820759242952240E-11  2.500000000000853206E-01
  7.067279948235191123E-01  9.999999999999980016E-01  2.236681988196998837E-11  0.000000000000000000E+00  0.000000000000000000E+00  2.500000000250034993E-01  2.491654776757880173E-11  2.500000000000869305E-01
  7.207032327922610060E-01  9.999999999999978906E-01  2.236681988394421646E-11  0.000000000000000000E+00  0.000000000000000000E+00  2.500000000250034438E-01  2.491489870942363094E-11  2.500000000000885403E-01
  7.346784725455061116E-01  9.999999999999977796E-01  2.236681988282759371E-11  0.000000000000000000E+00  0.000000000000000000E+00  2.500000000250033882E-01  2.491323909026083369E-11  2.500000000000901501E-01
  7.486537105261927838E-01  9.999999999999977796E-01  2.236681988257801781E-11  0.000000000000000000E+00  0.000000000000000000E+00  2.500000000250034993E-01  2.491159023300190675E-11  2.500000000000918710E-01
  7.626289502914525009E-01  9.999999999999978906E-01  2.236681988420375084E-11  0.000000000000000000E+00  0.000000000000000000E+00  2.500000000250034993E-01  2.490993081456439515E-11  2.500000000000935918E-01
  7.766041882842557031E-01  9.999999999999977796E-01  2.236681988444109674E-11  0.000000000000000000E+00  0.000000000000000000E+00  2.500000000250034438E-01  2.490828215429824674E-11  2.500000000000952016E-01
  7.905794280615856540E-01  9.999999999999978906E-01  2.236681988403940039E-11  0.000000000000000000E+00  0.000000000000000000E+00  2.500000000250035548E-01  2.490662293630409114E-11  2.500000000000969225E-01
  8.045546660664579797E-01  9.999999999999975575E-01  2.236681988375263367E-11  0.000000000000000000E+00  0.000000000000000000E+00  2.500000000250035548E-01  2.490497447693544028E-11  2.500000000000985323E-01
  8.185299058557750085E-01  9.999999999999976685E-01  2.236681988250066673E-11  0.000000000000000000E+00  0.000000000000000000E+00  2.500000000250034993E-01  2.490331546552114144E-11  2.500000000001001421E-01
  8.325051438726656095E-01  9.999999999999977796E-01  2.236681988112226072E-11  0.000000000000000000E+00  0.000000000000000000E+00  2.500000000250034993E-01  2.490166721199186883E-11  2.500000000001018630E-01
  8.464803836740338872E-01  9.999999999999977796E-01  2.236681987986906593E-11  0.000000000000000000E+00  0.000000000000000000E+00  2.500000000250036103E-01  2.490000840840387162E-11  2.500000000001035283E-01
  8.604556217031106291E-01  9.999999999999978906E-01  2.236681988078112303E-11  0.000000000000000000E+00  0.000000000000000000E+00  2.500000000250035548E-01  2.489836035762792149E-11  2.500000000001051936E-01
  8.744308615166980214E-01  9.999999999999974465E-01  2.236681988057848317E-11  0.000000000000000000E+00  0.000000000000000000E+00  2.500000000250036103E-01  2.489670175653394179E-11  2.500000000001068590E-01
  8.884060995580712605E-01  9.999999999999976685E-01  2.236681987976535170E-11  0.000000000000000000E+00  0.000000000000000000E+00  2.500000000250036658E-01  2.489505390463437678E-11  2.500000000001085798E-01
  9.023813393838242547E-01  9.999999999999974465E-01  2.236681988036997226E-11  0.000000000000000000E+00  0.000000000000000000E+00  2.500000000250036103E-01  2.489339550645703281E-11  2.500000000001102451E-01
  9.163565774372995909E-01  9.999999999999974465E-01  2.236681988232677786E-11  0.000000000000000000E+00  0.000000000000000000E+00  2.500000000250036658E-01  2.489174785860418733E-11  2.500000000001119105E-01
  9.303318172749897030E-01  9.999999999999974465E-01  2.236681988204515194E-11  0.000000000000000000E+00  0.000000000000000000E+00  2.500000000250037213E-01  2.489008967077949352E-11  2.500000000001136313E-01
  9.443070553403704048E-01  9.999999999999975575E-01  2.236681988337040514E-11  0.000000000000000000E+00  0.000000000000000000E+00  2.500000000250036658E-01  2.488844223270459832E-11  2.500000000001152411E-01
  9.582822951899614417E-01  9.999999999999977796E-01  2.236681988145559188E-11  0.000000000000000000E+00  0.000000000000000000E+00  2.500000000250037768E-01  2.488678425640154181E-11  2.500000000001170175E-01
  9.722575332673515369E-01  9.999999999999977796E-01  2.236681988130904844E-11  0.000000000000000000E+00  0.000000000000000000E+00  2.500000000250037768E-01  2.488513702403999937E-11  2.500000000001186273E-01
  9.862327731290158050E-01  9.999999999999976685E-01  2.236681988311368835E-11  0.000000000000000000E+00  0.000000000000000000E+00  2.500000000250037768E-01  2.488347925248615846E-11  2.500000000001202927E-01
  1.000208011218582937E+00  9.999999999999977796E-01  2.236681988283237262E-11  0.000000000000000000E+00  0.000000000000000000E+00  2.500000000250037768E-01  2.488183222031338133E-11  2.500000000001219025E-01
  1.014183251092375837E+00  9.999999999999975575E-01  2.236681988345829954E-11  0.000000000000000000E+00  0.000000000000000000E+00  2.500000000250037768E-01  2.488017465280650553E-11  2.500000000001236233E-01
  1.028158489194076042E+00  9.999999999999976685E-01  2.236681988329331902E-11  0.000000000000000000E+00  0.000000000000000000E+00  2.500000000250037213E-01  2.487852782592425617E-11  2.500000000001252332E-01
  1.042133729079919080E+00  9.999999999999975575E-01  2.236681988376563915E-11  0.000000000000000000E+00  0.000000000000000000E+00  2.500000000250037768E-01  2.487687047040055861E-11  2.500000000001268985E-01
  1.056108967193703174E+00  9.999999999999973355E-01  2.236681988624998241E-11  0.000000000000000000E+00  0.000000000000000000E+00  2.500000000250038323E-01  2.487522385501200982E-11  2.500000000001285638E-01
  1.070084207091655859E+00  9.999999999999975575E-01  2.236681988586092964E-11  0.000000000000000000E+00  0.000000000000000000E+00  2.500000000250038323E-01  2.487356671258597097E-11  2.500000000001302292E-01
  1.084059445217687712E+00  9.999999999999975575E-01  2.236681988620096873E-11  0.000000000000000000E+00  0.000000000000000000E+00  2.500000000250037768E-01  2.487192030410554687E-11  2.500000000001318390E-01
  1.098034685127912136E+00  9.999999999999972244E-01  2.236681988522584234E-11  0.000000000000000000E+00  0.000000000000000000E+00  2.500000000250037213E-01  2.487026336733799221E-11  2.500000000001335043E-01
  1.112009923266295663E+00  9.999999999999972244E-01  2.236681988442578744E-11  0.000000000000000000E+00  0.000000000000000000E+00  2.500000000250037768E-01  2.486861716040906501E-11  2.500000000001351697E-01
  1.125985163188739646E+00  9.999999999999974465E-01  2.236681988530282830E-11  0.000000000000000000E+00  0.000000000000000000E+00  2.500000000250038323E-01  2.486696042957087035E-11  2.500000000001368905E-01
  1.139960401339283891E+00  9.999999999999972244E-01  2.236681988418803117E-11  0.000000000000000000E+00  0.000000000000000000E+00  2.500000000250038323E-01  2.486531443038331013E-11  2.500000000001385003E-01
  1.153935641273721613E+00  9.999999999999968914E-01  2.236681988377324533E-11  0.000000000000000000E+00  0.000000000000000000E+00  2.500000000250037768E-01  2.486365791482184903E-11  2.500000000001401101E-01
  1.167910879436231619E+00  9.999999999999968914E-01  2.236681988364062178E-11  0.000000000000000000E+00  0.000000000000000000E+00  2.500000000250038323E-01  2.486201213073256785E-11  2.500000000001418310E-01
  1.181886119382622891E+00  9.999999999999971134E-01  2.236681988466182149E-11  0.000000000000000000E+00  0.000000000000000000E+00  2.500000000250037768E-01  2.486035583143426611E-11  2.500000000001434408E-01
  1.195861357557196358E+00  9.999999999999972244E-01  2.236681988439444505E-11  0.000000000000000000E+00  0.000000000000000000E+00  2.500000000250038878E-01  2.485871025654771833E-11  2.500000000001451617E-01
  1.209836597515707934E+00  9.999999999999972244E-01  2.236681988587457166E-11  0.000000000000000000E+00  0.000000000000000000E+00  2.500000000250038323E-01  2.485705416456185488E-11  2.500000000001468270E-01
  1.223811835702507844E+00  9.999999999999972244E-01  2.236681988589307660E-11  0.000000000000000000E+00  0.000000000000000000E+00  2.500000000250038878E-01  2.485540879213869308E-11  2.500000000001484368E-01
  1.237787075673196346E+00  9.999999999999968914E-01  2.236681988710172318E-11  0.000000000000000000E+00  0.000000000000000000E+00  2.500000000250038323E-01  2.485375290684465305E-11  2.500000000001500466E-01
  1.251762313872184507E+00  9.999999999999966693E-01  2.236681988632721071E-11  0.000000000000000000E+00  0.000000000000000000E+00  2.500000000250037768E-01  2.485210774302550744E-11  2.500000000001517675E-01
  1.265737553854971775E+00  9.999999999999965583E-01  2.236681988704401118E-11  0.000000000000000000E+00  0.000000000000000000E+00  2.500000000250037768E-01  2.485045207373297275E-11  2.500000000001532663E-01
  1.279712792066097560E+00  9.999999999999961142E-01  2.236681988557073465E-11  0.000000000000000000E+00  0.000000000000000000E+00  2.500000000250037213E-01  2.484880712572621507E-11  2.500000000001549871E-01
  1.293688032061041771E+00  9.999999999999958922E-01  2.236681988584123564E-11  0.000000000000000000E+00  0.000000000000000000E+00  2.500000000250037768E-01  2.484715167344912820E-11  2.500000000001565970E-01
  1.307663270284461943E+00  9.999999999999957812E-01  2.236681988610549722E-11  0.000000000000000000E+00  0.000000000000000000E+00  2.500000000250037768E-01  2.484550693535051127E-11  2.500000000001582623E-01
  1.321638510291720525E+00  9.999999999999961142E-01  2.236681988665596977E-11  0.000000000000000000E+00  0.000000000000000000E+00  2.500000000250037768E-01  2.484385169088242954E-11  2.500000000001599276E-01
  1.335613748527537226E+00  9.999999999999955591E-01  2.236681988733694297E-11  0.000000000000000000E+00  0.000000000000000000E+00  2.500000000250038323E-01  2.484220715615786630E-11  2.500000000001615930E-01
  1.349588988547055779E+00  9.999999999999956701E-01  2.236681988714916974E-11  0.000000000000000000E+00  0.000000000000000000E+00  2.500000000250037768E-01  2.484055212013623901E-11  2.500000000001633138E-01
  1.363564226795079826E+00  9.999999999999960032E-01  2.236681988653093302E-11  0.000000000000000000E+00  0.000000000000000000E+00  2.500000000250038323E-01  2.483890779661045091E-11  2.500000000001649236E-01
  1.377539466826635417E+00  9.999999999999955591E-01  2.236681988649177118E-11  0.000000000000000000E+00  0.000000000000000000E+00  2.500000000250038323E-01  2.483725297992195397E-11  2.500000000001665890E-01
  1.391514705086673409E+00  9.999999999999952260E-01  2.236681988778314875E-11  0.000000000000000000E+00  0.000000000000000000E+00  2.500000000250038878E-01  2.483560887572593256E-11  2.500000000001682543E-01
  1.405489945130224516E+00  9.999999999999953371E-01  2.236681988633772818E-11  0.000000000000000000E+00  0.000000000000000000E+00  2.500000000250039434E-01  2.483395427912555892E-11  2.500000000001699196E-01
  1.419465183402367270E+00  9.999999999999952260E-01  2.236681988637966236E-11  0.000000000000000000E+00  0.000000000000000000E+00  2.500000000250038323E-01  2.483231038684843801E-11  2.500000000001715850E-01
  1.433440423458073765E+00  9.999999999999948930E-01  2.236681988540527591E-11  0.000000000000000000E+00  0.000000000000000000E+00  2.500000000250038878E-01  2.483065599895140363E-11  2.500000000001732503E-01
  1.447415661742481596E+00  9.999999999999950040E-01  2.236681988493073273E-11  0.000000000000000000E+00  0.000000000000000000E+00  2.500000000250037768E-01  2.482901230997067835E-11  2.500000000001746936E-01
  1.461390901810398546E+00  9.999999999999951150E-01  2.236681988381134088E-11  0.000000000000000000E+00  0.000000000000000000E+00  2.500000000250038878E-01  2.482735812979295818E-11  2.500000000001765255E-01
  1.475366140107034152E+00  9.999999999999948930E-01  2.236681988612124597E-11  0.000000000000000000E+00  0.000000000000000000E+00  2.500000000250038323E-01  2.482571465138901023E-11  2.500000000001781353E-01
  1.489341380187090724E+00  9.999999999999951150E-01  2.236681988573188947E-11  0.000000000000000000E+00  0.000000000000000000E+00  2.500000000250038323E-01  2.482406069026432284E-11  2.500000000001797451E-01
  1.503316618495906365E+00  9.999999999999951150E-01  2.236681988594070411E-11  0.000000000000000000E+00  0.000000000000000000E+00  2.500000000250037768E-01  2.482241743116838932E-11  2.500000000001813549E-01
  1.517291858588154962E+00  9.999999999999950040E-01  2.236681988761490151E-11  0.000000000000000000E+00  0.000000000000000000E+00  2.500000000250037768E-01  2.482076369025529163E-11  2.500000000001830203E-01
  1.531267096909299852E+00  9.999999999999947820E-01  2.236681988747183158E-11  0.000000000000000000E+00  0.000000000000000000E+00  2.500000000250037768E-01  2.481912064356682184E-11  2.500000000001846856E-01
  1.545242337013891243E+00  9.999999999999946709E-01  2.236681988879771809E-11  0.000000000000000000E+00  0.000000000000000000E+00  2.500000000250037768E-01  2.481746711247709180E-11  2.500000000001862954E-01
  1.559217575347463303E+00  9.999999999999946709E-01  2.236681989068006774E-11  0.000000000000000000E+00  0.000000000000000000E+00  2.500000000250037768E-01  2.481582427083583912E-11  2.500000000001879608E-01
  1.573192815464344196E+00  9.999999999999948930E-01  2.236681989227797712E-11  0.000000000000000000E+00  0.000000000000000000E+00  2.500000000250038323E-01  2.481417094965877994E-11  2.500000000001896261E-01
  1.587168053810159796E+00  9.999999999999948930E-01  2.236681989247332099E-11  0.000000000000000000E+00  0.000000000000000000E+00  2.500000000250037768E-01  2.481252832129323660E-11  2.500000000001912914E-01
  1.601143293939111034E+00  9.999999999999944489E-01  2.236681988997660556E-11  0.000000000000000000E+00  0.000000000000000000E+00  2.500000000250037768E-01  2.481087522243444103E-11  2.500000000001929568E-01
  1.615118532296975884E+00  9.999999999999944489E-01  2.236681989092811206E-11  0.000000000000000000E+00  0.000000000000000000E+00  2.500000000250037768E-01  2.480923281683311830E-11  2.500000000001945666E-01
  1.629093772437952392E+00  9.999999999999944489E-01  2.236681988975284997E-11  0.000000000000000000E+00  0.000000000000000000E+00  2.500000000250038323E-01  2.480757994101428205E-11  2.500000000001963429E-01
  1.643069010807951313E+00  9.999999999999945599E-01  2.236681988862580346E-11  0.000000000000000000E+00  0.000000000000000000E+00  2.500000000250038878E-01  2.480593774967414449E-11  2.500000000001979528E-01
  1.657044250961106302E+00  9.999999999999943379E-01  2.236681988877403358E-11  0.000000000000000000E+00  0.000000000000000000E+00  2.500000000250038878E-01  2.480428508399633587E-11  2.500000000001995071E-01
  1.671019489343397835E+00  9.999999999999937828E-01  2.236681988717640531E-11  0.000000000000000000E+00  0.000000000000000000E+00  2.500000000250038323E-01  2.480264309659522927E-11  2.500000000002011724E-01
  1.684994729508789479E+00  9.999999999999942268E-01  2.236681988820863624E-11  0.000000000000000000E+00  0.000000000000000000E+00  2.500000000250038323E-01  2.480099063920706621E-11  2.500000000002028377E-01
  1.698969967903336986E+00  9.999999999999941158E-01  2.236681988826696217E-11  0.000000000000000000E+00  0.000000000000000000E+00  2.500000000250038878E-01  2.479934886336983483E-11  2.500000000002045031E-01
  1.712945208080893345E+00  9.999999999999942268E-01  2.236681988887730191E-11  0.000000000000000000E+00  0.000000000000000000E+00  2.500000000250038323E-01  2.479769662703584185E-11  2.500000000002061684E-01
  1.726920446487651750E+00  9.999999999999942268E-01  2.236681988906633207E-11  0.000000000000000000E+00  0.000000000000000000E+00  2.500000000250037768E-01  2.479605507305674196E-11  2.500000000002077227E-01
  1.740895686677426113E+00  9.999999999999942268E-01  2.236681988870629524E-11  0.000000000000000000E+00  0.000000000000000000E+00  2.500000000250038323E-01  2.479440305959641591E-11  2.500000000002093881E-01
  1.754870925096538858E+00  9.999999999999940048E-01  2.236681989002201325E-11  0.000000000000000000E+00  0.000000000000000000E+00  2.500000000250037768E-01  2.479276172001228797E-11  2.500000000002111089E-01
  1.768846165298675555E+00  9.999999999999940048E-01  2.236681988979239954E-11  0.000000000000000000E+00  0.000000000000000000E+00  2.500000000250038878E-01  2.479110991760913085E-11  2.500000000002127742E-01
  1.782821403730237231E+00  9.999999999999941158E-01  2.236681989057550694E-11  0.000000000000000000E+00  0.000000000000000000E+00  2.500000000250038878E-01  2.478946878356921339E-11  2.500000000002143841E-01
  1.796796643944683636E+00  9.999999999999942268E-01  2.236681988740098808E-11  0.000000000000000000E+00  0.000000000000000000E+00  2.500000000250038323E-01  2.478781719194365432E-11  2.500000000002159939E-01
  1.810771882388512832E+00  9.999999999999940048E-01  2.236681988705302939E-11  0.000000000000000000E+00  0.000000000000000000E+00  2.500000000250038878E-01  2.478617627258018609E-11  2.500000000002177147E-01
  1.824747122615052231E+00  9.999999999999942268E-01  2.236681988507276546E-11  0.000000000000000000E+00  0.000000000000000000E+00  2.500000000250038878E-01  2.478452490504379386E-11  2.500000000002193246E-01
  1.838722361070955991E+00  9.999999999999940048E-01  2.236681988530119333E-11  0.000000000000000000E+00  0.000000000000000000E+00  2.500000000250038323E-01  2.478288421011204864E-11  2.500000000002209344E-01
  1.852697601309539532E+00  9.999999999999943379E-01  2.236681988417894511E-11  0.000000000000000000E+00  0.000000000000000000E+00  2.500000000250037768E-01  2.478123306733493648E-11  2.500000000002225997E-01
  1.866672839777598014E+00  9.999999999999941158E-01  2.236681988547833922E-11  0.000000000000000000E+00  0.000000000000000000E+00  2.500000000250038878E-01  2.477959258784956147E-11  2.500000000002242651E-01
  1.880648080028378244E+00  9.999999999999940048E-01  2.236681988634246185E-11  0.000000000000000000E+00  0.000000000000000000E+00  2.500000000250037768E-01  2.477794165571121672E-11  2.500000000002258749E-01
  1.894623318508745768E+00  9.999999999999944489E-01  2.236681988654068470E-11  0.000000000000000000E+00  0.000000000000000000E+00  2.500000000250038878E-01  2.477630138039964010E-11  2.500000000002275402E-01
  1.908598558771777531E+00  9.999999999999943379E-01  2.236681988599878446E-11  0.000000000000000000E+00  0.000000000000000000E+00  2.500000000250037768E-01  2.477465065734975180E-11  2.500000000002290945E-01
  1.922573797264421014E+00  9.999999999999942268E-01  2.236681988727552481E-11  0.000000000000000000E+00  0.000000000000000000E+00  2.500000000250037768E-01  2.477301059508950532E-11  2.500000000002307599E-01
  1.936549037539636142E+00  9.999999999999941158E-01  2.236681988682233970E-11  0.000000000000000000E+00  0.000000000000000000E+00  2.500000000250037213E-01  2.477136009493914951E-11  2.500000000002323697E-01
  1.950524276044511618E+00  9.999999999999940048E-01  2.236681988765031841E-11  0.000000000000000000E+00  0.000000000000000000E+00  2.500000000250037768E-01  2.476972025671322068E-11  2.500000000002339795E-01
  1.964499516331960516E+00  9.999999999999938938E-01  2.236681988564625366E-11  0.000000000000000000E+00  0.000000000000000000E+00  2.500000000250036658E-01  2.476806998137804426E-11  2.500000000002355893E-01
  1.978474754849207207E+00  9.999999999999941158E-01  2.236681988579331086E-11  0.000000000000000000E+00  0.000000000000000000E+00  2.500000000250036658E-01  2.476643035896169871E-11  2.500000000002373102E-01
  1.992449995149031094E+00  9.999999999999943379E-01  2.236681988633668451E-11  0.000000000000000000E+00  0.000000000000000000E+00  2.500000000250037768E-01  2.476478029532160256E-11  2.500000000002389755E-01
  2.006425233678739151E+00  9.999999999999943379E-01  2.236681988533136280E-11  0.000000000000000000E+00  0.000000000000000000E+00  2.500000000250037768E-01  2.476314087876032908E-11  2.500000000002406408E-01
  2.020400473990885182E+00  9.999999999999944489E-01  2.236681988631219544E-11  0.000000000000000000E+00  0.000000000000000000E+00  2.500000000250038323E-01  2.476149102607158737E-11  2.500000000002423062E-01
  2.034375712532878744E+00  9.999999999999944489E-01  2.236681988699080020E-11  0.000000000000000000E+00  0.000000000000000000E+00  2.500000000250037768E-01  2.475985182479322545E-11  2.500000000002439715E-01
  2.048350952857131535E+00  9.999999999999944489E-01  2.236681988544847994E-11  0.000000000000000000E+00  0.000000000000000000E+00  2.500000000250038323E-01  2.475820219753397721E-11  2.500000000002456368E-01
  2.062326191411217646E+00  9.999999999999944489E-01  2.236681988449213960E-11  0.000000000000000000E+00  0.000000000000000000E+00  2.500000000250037768E-01  2.475656322277140693E-11  2.500000000002472467E-01
  2.076301431747528792E+00  9.999999999999944489E-01  2.236681988581916672E-11  0.000000000000000000E+00  0.000000000000000000E+00  2.500000000250038323E-01  2.475491382208675124E-11  2.500000000002489120E-01
  2.090276670313779395E+00  9.999999999999946709E-01  2.236681988737416933E-11  0.000000000000000000E+00  0.000000000000000000E+00  2.500000000250038323E-01  2.475327506388645659E-11  2.500000000002505773E-01
  2.104251910662295000E+00  9.999999999999945599E-01  2.236681988621661408E-11  0.000000000000000000E+00  0.000000000000000000E+00  2.500000000250038323E-01  2.475162587430017053E-11  2.500000000002521872E-01
  2.118227149240864637E+00  9.999999999999946709E-01  2.236681988785618945E-11  0.000000000000000000E+00  0.000000000000000000E+00  2.500000000250038323E-01  2.474998732035654743E-11  2.500000000002538525E-01
  2.132202389601641990E+00  9.999999999999948930E-01  2.236681988575607804E-11  0.000000000000000000E+00  0.000000000000000000E+00  2.500000000250038323E-01  2.474833833963944711E-11  2.500000000002555178E-01
  2.146177628192502240E+00  9.999999999999948930E-01  2.236681988443496074E-11  0.000000000000000000E+00  0.000000000000000000E+00  2.500000000250038878E-01  2.474669999901331889E-11  2.500000000002571832E-01
  2.160152868565474282E+00  9.999999999999950040E-01  2.236681988412412178E-11  0.000000000000000000E+00  0.000000000000000000E+00  2.500000000250038323E-01  2.474505124225295897E-11  2.500000000002588485E-01
  2.174128107168580737E+00  9.999999999999951150E-01  2.236681988460909518E-11  0.000000000000000000E+00  0.000000000000000000E+00  2.500000000250038878E-01  2.474341312735588962E-11  2.500000000002604028E-01
  2.188103347553797651E+00  9.999999999999950040E-01  2.236681988457498691E-11  0.000000000000000000E+00  0.000000000000000000E+00  2.500000000250038323E-01  2.474176459690259071E-11  2.500000000002620681E-01
  2.202078586169283536E+00  9.999999999999952260E-01  2.236681988448421676E-11  0.000000000000000000E+00  0.000000000000000000E+00  2.500000000250037213E-01  2.474012669886240253E-11  2.500000000002636225E-01
  2.216053826566880325E+00  9.999999999999951150E-01  2.236681988270988204E-11  0.000000000000000000E+00  0.000000000000000000E+00  2.500000000250037768E-01  2.473847838030964781E-11  2.500000000002653433E-01
  2.230029065194832683E+00  9.999999999999947820E-01  2.236681988271622483E-11  0.000000000000000000E+00  0.000000000000000000E+00  2.500000000250037213E-01  2.473684068793430924E-11  2.500000000002669531E-01
  2.244004305604757388E+00  9.999999999999945599E-01  2.236681988389228825E-11  0.000000000000000000E+00  0.000000000000000000E+00  2.500000000250037213E-01  2.473519258043499144E-11  2.500000000002685629E-01
  2.257979544245005243E+00  9.999999999999947820E-01  2.236681988442283091E-11  0.000000000000000000E+00  0.000000000000000000E+00  2.500000000250037213E-01  2.473355510438846969E-11  2.500000000002701728E-01
  2.271954784667046923E+00  9.999999999999945599E-01  2.236681988541301780E-11  0.000000000000000000E+00  0.000000000000000000E+00  2.500000000250037213E-01  2.473190722377438631E-11  2.500000000002717826E-01
  2.285930023319398430E+00  9.999999999999943379E-01  2.236681988659891369E-11  0.000000000000000000E+00  0.000000000000000000E+00  2.500000000250036658E-01  2.473026997573054244E-11  2.500000000002733369E-01
  2.299905263753505569E+00  9.999999999999943379E-01  2.236681988613130461E-11  0.000000000000000000E+00  0.000000000000000000E+00  2.500000000250036658E-01  2.472862232265860089E-11  2.500000000002750578E-01
  2.313880502418030893E+00  9.999999999999942268E-01  2.236681988767677527E-11  0.000000000000000000E+00  0.000000000000000000E+00  2.500000000250037213E-01  2.472698529143847987E-11  2.500000000002767231E-01
  2.327855742864346045E+00  9.999999999999946709E-01  2.236681988713073913E-11  0.000000000000000000E+00  0.000000000000000000E+00  2.500000000250037213E-01  2.472533784904679401E-11  2.500000000002784439E-01
  2.341830981541193069E+00  9.999999999999946709E-01  2.236681988705293891E-11  0.000000000000000000E+00  0.000000000000000000E+00  2.500000000250037213E-01  2.472370102170459922E-11  2.500000000002799982E-01
  2.355806221999771743E+00  9.999999999999941158E-01  2.236681988729461459E-11  0.000000000000000000E+00  0.000000000000000000E+00  2.500000000250037213E-01  2.472205378815419144E-11  2.500000000002817191E-01
  2.369781460688912489E+00  9.999999999999945599E-01  2.236681988663454062E-11  0.000000000000000000E+00  0.000000000000000000E+00  2.500000000250038323E-01  2.472041717477394925E-11  2.500000000002833844E-01
  2.383756701159694291E+00  9.999999999999943379E-01  2.236681988449695082E-11  0.000000000000000000E+00  0.000000000000000000E+00  2.500000000250038323E-01  2.471877016621772791E-11  2.500000000002849943E-01
  2.397731939861092787E+00  9.999999999999943379E-01  2.236681988376790097E-11  0.000000000000000000E+00  0.000000000000000000E+00  2.500000000250037768E-01  2.471713377991153703E-11  2.500000000002866596E-01
  2.411707180344123458E+00  9.999999999999945599E-01  2.236681988452082597E-11  0.000000000000000000E+00  0.000000000000000000E+00  2.500000000250037768E-01  2.471548699887828051E-11  2.500000000002883249E-01
  2.425682419057906269E+00  9.999999999999944489E-01  2.236681988284889362E-11  0.000000000000000000E+00  0.000000000000000000E+00  2.500000000250038323E-01  2.471385083043542988E-11  2.500000000002899347E-01
  2.439657659553318148E+00  9.999999999999944489E-01  2.236681988212965361E-11  0.000000000000000000E+00  0.000000000000000000E+00  2.500000000250037768E-01  2.471220426161045782E-11  2.500000000002916001E-01
  2.453632898279568320E+00  9.999999999999944489E-01  2.236681988233277169E-11  0.000000000000000000E+00  0.000000000000000000E+00  2.500000000250037213E-01  2.471056829855585213E-11  2.500000000002932654E-01
  2.467608138787311223E+00  9.999999999999944489E-01  2.236681987980960586E-11  0.000000000000000000E+00  0.000000000000000000E+00  2.500000000250038323E-01  2.470892194019355817E-11  2.500000000002948752E-01
  2.481583377525860445E+00  9.999999999999946709E-01  2.236681987922241749E-11  0.000000000000000000E+00  0.000000000000000000E+00  2.500000000250038323E-01  2.470728619303851103E-11  2.500000000002965406E-01
  2.495558618045724320E+00  9.999999999999943379E-01  2.236681988019916593E-11  0.000000000000000000E+00  0.000000000000000000E+00  2.500000000250038323E-01  2.470564006165816376E-11  2.500000000002982059E-01
  2.509533856796384299E+00  9.999999999999945599E-01  2.236681988089910290E-11  0.000000000000000000E+00  0.000000000000000000E+00  2.500000000250037213E-01  2.470400454311966267E-11  2.500000000002997602E-01
  2.523509097328316741E+00  9.999999999999948930E-01  2.236681988099012831E-11  0.000000000000000000E+00  0.000000000000000000E+00  2.500000000250037768E-01  2.470235863981934758E-11  2.500000000003014256E-01
  2.537484336091152759E+00  9.999999999999951150E-01  2.236681988057172032E-11  0.000000000000000000E+00  0.000000000000000000E+00  2.500000000250037213E-01  2.470072333862925390E-11  2.500000000003030354E-01
  2.551459576635292326E+00  9.999999999999948930E-01  2.236681988151026335E-11  0.000000000000000000E+00  0.000000000000000000E+00  2.500000000250037213E-01  2.469907764602251986E-11  2.500000000003045897E-01
  2.565434815410447822E+00  9.999999999999948930E-01  2.236681988160208686E-11  0.000000000000000000E+00  0.000000000000000000E+00  2.500000000250037213E-01  2.469744254818902829E-11  2.500000000003062550E-01
  2.579410055966850024E+00  9.999999999999948930E-01  2.236681988091131350E-11  0.000000000000000000E+00  0.000000000000000000E+00  2.500000000250037213E-01  2.469579706387945551E-11  2.500000000003078648E-01
  2.593385294754306791E+00  9.999999999999953371E-01  2.236681988137815356E-11  0.000000000000000000E+00  0.000000000000000000E+00  2.500000000250036658E-01  2.469416218017978269E-11  2.500000000003094192E-01
  2.607360535322916562E+00  9.999999999999951150E-01  2.236681988040679795E-11  0.000000000000000000E+00  0.000000000000000000E+00  2.500000000250036658E-01  2.469251692162526357E-11  2.500000000003111400E-01
  2.621335774122630635E+00  9.999999999999948930E-01  2.236681988177127438E-11  0.000000000000000000E+00  0.000000000000000000E+00  2.500000000250036103E-01  2.469088226615837347E-11  2.500000000003126943E-01
  2.635311014703489718E+00  9.999999999999952260E-01  2.236681988143451170E-11  0.000000000000000000E+00  0.000000000000000000E+00  2.500000000250036103E-01  2.468923723618606918E-11  2.500000000003143596E-01
  2.649286253515588108E+00  9.999999999999952260E-01  2.236681988243287670E-11  0.000000000000000000E+00  0.000000000000000000E+00  2.500000000250036103E-01  2.468760279912784461E-11  2.500000000003160250E-01
  2.663261494108827954E+00  9.999999999999951150E-01  2.236681988103111898E-11  0.000000000000000000E+00  0.000000000000000000E+00  2.500000000250036103E-01  2.468595798125865006E-11  2.500000000003176903E-01
  2.677236732933391927E+00  9.999999999999948930E-01  2.236681988064550418E-11  0.000000000000000000E+00  0.000000000000000000E+00  2.500000000250037213E-01  2.468432374955470432E-11  2.500000000003194112E-01
  2.691211973538958357E+00  9.999999999999950040E-01  2.236681988122232372E-11  0.000000000000000000E+00  0.000000000000000000E+00  2.500000000250037213E-01  2.468267914221262718E-11  2.500000000003210210E-01
  2.705187212375821826E+00  9.999999999999951150E-01  2.236681988185272259E-11  0.000000000000000000E+00  0.000000000000000000E+00  2.500000000250036658E-01  2.468104512689033120E-11  2.500000000003226863E-01
  2.719162452993512780E+00  9.999999999999951150E-01  2.236681988103543583E-11  0.000000000000000000E+00  0.000000000000000000E+00  2.500000000250037768E-01  2.467940074714395584E-11  2.500000000003242961E-01
  2.733137691842491446E+00  9.999999999999951150E-01  2.236681988139270031E-11  0.000000000000000000E+00  0.000000000000000000E+00  2.500000000250038323E-01  2.467776696125557991E-11  2.500000000003260170E-01
  2.747112932472252300E+00  9.999999999999951150E-01  2.236681988266140473E-11  0.000000000000000000E+00  0.000000000000000000E+00  2.500000000250037768E-01  2.467612281028322187E-11  2.500000000003276823E-01
  2.761088171333401675E+00  9.999999999999950040E-01  2.236681988190194307E-11  0.000000000000000000E+00  0.000000000000000000E+00  2.500000000250037768E-01  2.467448924162506669E-11  2.500000000003292366E-01
  2.775063411975364325E+00  9.999999999999946709E-01  2.236681988072430283E-11  0.000000000000000000E+00  0.000000000000000000E+00  2.500000000250038323E-01  2.467284530033389818E-11  2.500000000003309575E-01
  2.789038650848832734E+00  9.999999999999946709E-01  2.236681987834465930E-11  0.000000000000000000E+00  0.000000000000000000E+00  2.500000000250037213E-01  2.467121193400130001E-11  2.500000000003325118E-01
  2.803013891503054467E+00  9.999999999999946709E-01  2.236681987833285259E-11  0.000000000000000000E+00  0.000000000000000000E+00  2.500000000250036658E-01  2.466956820000000004E-11  2.500000000003341771E-01
  2.816989130388819262E+00  9.999999999999945599E-01  2.236681987940431644E-11  0.000000000000000000E+00  0.000000000000000000E+00  2.500000000250037768E-01  2.466793504706612524E-11  2.500000000003358425E-01
  2.830964371055248119E+00  9.999999999999941158E-01  2.236681987982138996E-11  0.000000000000000000E+00  0.000000000000000000E+00  2.500000000250037213E-01  2.466629153863932738E-11  2.500000000003374523E-01
  2.844939609953272441E+00  9.999999999999942268E-01  2.236681987980681090E-11  0.000000000000000000E+00  0.000000000000000000E+00  2.500000000250037768E-01  2.466465861453197003E-11  2.500000000003391176E-01
  2.858914850631951943E+00  9.999999999999941158E-01  2.236681987875080498E-11  0.000000000000000000E+00  0.000000000000000000E+00  2.500000000250037213E-01  2.466301533544964685E-11  2.500000000003406164E-01
  2.872890089542358361E+00  9.999999999999942268E-01  2.236681987572869739E-11  0.000000000000000000E+00  0.000000000000000000E+00  2.500000000250037213E-01  2.466138263062038972E-11  2.500000000003423373E-01
  2.886865330233408411E+00  9.999999999999940048E-01  2.236681987698009887E-11  0.000000000000000000E+00  0.000000000000000000E+00  2.500000000250036658E-01  2.465973956431169341E-11  2.500000000003439471E-01
  2.900840569156275528E+00  9.999999999999942268E-01  2.236681987730021453E-11  0.000000000000000000E+00  0.000000000000000000E+00  2.500000000250037213E-01  2.465810706503199112E-11  2.500000000003455014E-01
  2.914815809859650386E+00  9.999999999999940048E-01  2.236681987714956426E-11  0.000000000000000000E+00  0.000000000000000000E+00  2.500000000250036103E-01  2.465646420911343305E-11  2.500000000003472223E-01
  2.928791048794814333E+00  9.999999999999938938E-01  2.236681987629741637E-11  0.000000000000000000E+00  0.000000000000000000E+00  2.500000000250037213E-01  2.465483192626086899E-11  2.500000000003488876E-01
  2.942766289510312827E+00  9.999999999999938938E-01  2.236681987568384869E-11  0.000000000000000000E+00  0.000000000000000000E+00  2.500000000250036658E-01  2.465318929817736516E-11  2.500000000003504974E-01
  2.956741528457589752E+00  9.999999999999938938E-01  2.236681987618751121E-11  0.000000000000000000E+00  0.000000000000000000E+00  2.500000000250037213E-01  2.465155724517347469E-11  2.500000000003521072E-01
  2.970716769185153705E+00  9.999999999999936717E-01  2.236681987429760384E-11  0.000000000000000000E+00  0.000000000000000000E+00  2.500000000250036658E-01  2.464991484594048947E-11  2.500000000003537726E-01
  2.984692008144601783E+00  9.999999999999937828E-01  2.236681987300430372E-11  0.000000000000000000E+00  0.000000000000000000E+00  2.500000000250036658E-01  2.464828300990000552E-11  2.500000000003553824E-01
  2.998667248884361314E+00  9.999999999999933387E-01  2.236681987241030726E-11  0.000000000000000000E+00  0.000000000000000000E+00  2.500000000250037213E-01  2.464664081959582121E-11  2.500000000003570477E-01
  3.012642487856120432E+00  9.999999999999934497E-01  2.236681987306179924E-11  0.000000000000000000E+00  0.000000000000000000E+00  2.500000000250036658E-01  2.464500918479551375E-11  2.500000000003586575E-01
  3.026617728608136826E+00  9.999999999999934497E-01  2.236681987259466191E-11  0.000000000000000000E+00  0.000000000000000000E+00  2.500000000250037768E-01  2.464336720093808768E-11  2.500000000003603784E-01
  3.040592967592190998E+00  9.999999999999935607E-01  2.236681987460242313E-11  0.000000000000000000E+00  0.000000000000000000E+00  2.500000000250037768E-01  2.464173577949776182E-11  2.500000000003620437E-01
  3.054568208356410519E+00  9.999999999999934497E-01  2.236681987448743533E-11  0.000000000000000000E+00  0.000000000000000000E+00  2.500000000250037213E-01  2.464009402181712550E-11  2.500000000003637091E-01
  3.068543447352722442E+00  9.999999999999933387E-01  2.236681987456560713E-11  0.000000000000000000E+00  0.000000000000000000E+00  2.500000000250037213E-01  2.463846283014078092E-11  2.500000000003652634E-01
  3.082518688129189055E+00  9.999999999999928946E-01  2.236681987345689430E-11  0.000000000000000000E+00  0.000000000000000000E+00  2.500000000250037213E-01  2.463682130266782103E-11  2.500000000003669287E-01
  3.096493927137879520E+00  9.999999999999932276E-01  2.236681987415873766E-11  0.000000000000000000E+00  0.000000000000000000E+00  2.500000000250037213E-01  2.463519033064245094E-11  2.500000000003685385E-01
  3.110469167926710465E+00  9.999999999999932276E-01  2.236681987604704883E-11  0.000000000000000000E+00  0.000000000000000000E+00  2.500000000250037213E-01  2.463354901555965831E-11  2.500000000003702039E-01
  3.124444406947853636E+00  9.999999999999926725E-01  2.236681987532155004E-11  0.000000000000000000E+00  0.000000000000000000E+00  2.500000000250037768E-01  2.463191824842113892E-11  2.500000000003718137E-01
  3.138419647749004504E+00  9.999999999999927836E-01  2.236681987458107476E-11  0.000000000000000000E+00  0.000000000000000000E+00  2.500000000250037768E-01  2.463027714265162461E-11  2.500000000003734790E-01
  3.152394886782440508E+00  9.999999999999928946E-01  2.236681987721609414E-11  0.000000000000000000E+00  0.000000000000000000E+00  2.500000000250037768E-01  2.462864659089714285E-11  2.500000000003751444E-01
  3.166370127595712791E+00  9.999999999999923395E-01  2.236681987705529152E-11  0.000000000000000000E+00  0.000000000000000000E+00  2.500000000250037768E-01  2.462700571242181653E-11  2.500000000003767542E-01
  3.180345366641257332E+00  9.999999999999923395E-01  2.236681987858118126E-11  0.000000000000000000E+00  0.000000000000000000E+00  2.500000000250037768E-01  2.462537539040095915E-11  2.500000000003783640E-01
  3.194320607466591522E+00  9.999999999999920064E-01  2.236681987855256598E-11  0.000000000000000000E+00  0.000000000000000000E+00  2.500000000250038323E-01  2.462373474069353032E-11  2.500000000003800293E-01
  3.208295846524303219E+00  9.999999999999918954E-01  2.236681987983783017E-11  0.000000000000000000E+00  0.000000000000000000E+00  2.500000000250038323E-01  2.462210463569649597E-11  2.500000000003817502E-01
  3.222271087361824993E+00  9.999999999999920064E-01  2.236681987960699831E-11  0.000000000000000000E+00  0.000000000000000000E+00  2.500000000250038323E-01  2.462046419495919476E-11  2.500000000003833600E-01
  3.236246326431837961E+00  9.999999999999920064E-01  2.236681988029620132E-11  0.000000000000000000E+00  0.000000000000000000E+00  2.500000000250038323E-01  2.461883429102592125E-11  2.500000000003849698E-01
  3.250221567281606827E+00  9.999999999999918954E-01  2.236681988168442688E-11  0.000000000000000000E+00  0.000000000000000000E+00  2.500000000250038323E-01  2.461719405631111863E-11  2.500000000003866352E-01
  3.264196806363910408E+00  9.999999999999917843E-01  2.236681988224538781E-11  0.000000000000000000E+00  0.000000000000000000E+00  2.500000000250038323E-01  2.461556436554367515E-11  2.500000000003882450E-01
  3.278172047225881069E+00  9.999999999999916733E-01  2.236681988214934762E-11  0.000000000000000000E+00  0.000000000000000000E+00  2.500000000250038323E-01  2.461392435709715299E-11  2.500000000003899658E-01
  3.292147286320440625E+00  9.999999999999913403E-01  2.236681988409537402E-11  0.000000000000000000E+00  0.000000000000000000E+00  2.500000000250038323E-01  2.461229489672379562E-11  2.500000000003914646E-01
  3.306122527194653049E+00  9.999999999999913403E-01  2.236681988287730856E-11  0.000000000000000000E+00  0.000000000000000000E+00  2.500000000250037768E-01  2.461065511922623296E-11  2.500000000003931855E-01
  3.320097766301583597E+00  9.999999999999911182E-01  2.236681988093643588E-11  0.000000000000000000E+00  0.000000000000000000E+00  2.500000000250038878E-01  2.460902587886113071E-11  2.500000000003947953E-01
  3.334073007188154136E+00  9.999999999999912292E-01  2.236681988023911616E-11  0.000000000000000000E+00  0.000000000000000000E+00  2.500000000250038878E-01  2.460738631342476623E-11  2.500000000003965162E-01
  3.348048246307529840E+00  9.999999999999913403E-01  2.236681987904349121E-11  0.000000000000000000E+00  0.000000000000000000E+00  2.500000000250038878E-01  2.460575727725378646E-11  2.500000000003981815E-01
  3.362023487206410088E+00  9.999999999999916733E-01  2.236681987992165329E-11  0.000000000000000000E+00  0.000000000000000000E+00  2.500000000250038878E-01  2.460411792047840054E-11  2.500000000003997913E-01
  3.375998726338072409E+00  9.999999999999912292E-01  2.236681987802096673E-11  0.000000000000000000E+00  0.000000000000000000E+00  2.500000000250038878E-01  2.460248909936905829E-11  2.500000000004013456E-01
  3.389973967249070075E+00  9.999999999999913403E-01  2.236681987792456788E-11  0.000000000000000000E+00  0.000000000000000000E+00  2.500000000250038323E-01  2.460084996980147814E-11  2.500000000004030110E-01
  3.403949206392839155E+00  9.999999999999911182E-01  2.236681987869988168E-11  0.000000000000000000E+00  0.000000000000000000E+00  2.500000000250038323E-01  2.459922137868208610E-11  2.500000000004045653E-01
  3.417924447315892955E+00  9.999999999999915623E-01  2.236681987751133946E-11  0.000000000000000000E+00  0.000000000000000000E+00  2.500000000250038323E-01  2.459758247811155832E-11  2.500000000004062861E-01
  3.431899686471818534E+00  9.999999999999915623E-01  2.236681987689429827E-11  0.000000000000000000E+00  0.000000000000000000E+00  2.500000000250037768E-01  2.459595410370175761E-11  2.500000000004078959E-01
  3.445874927407051924E+00  9.999999999999917843E-01  2.236681987742148374E-11  0.000000000000000000E+00  0.000000000000000000E+00  2.500000000250038323E-01  2.459431541118436311E-11  2.500000000004094503E-01
  3.459850166575271668E+00  9.999999999999916733E-01  2.236681987873204156E-11  0.000000000000000000E+00  0.000000000000000000E+00  2.500000000250038323E-01  2.459268723697001948E-11  2.500000000004111156E-01
  3.473825407522746822E+00  9.999999999999916733E-01  2.236681987800919879E-11  0.000000000000000000E+00  0.000000000000000000E+00  2.500000000250037768E-01  2.459104874978964934E-11  2.500000000004127809E-01
  3.487800646703253182E+00  9.999999999999916733E-01  2.236681987690158780E-11  0.000000000000000000E+00  0.000000000000000000E+00  2.500000000250037768E-01  2.458942078837702763E-11  2.500000000004143907E-01
  3.501775887662923914E+00  9.999999999999915623E-01  2.236681987783693197E-11  0.000000000000000000E+00  0.000000000000000000E+00  2.500000000250038323E-01  2.458778252750803859E-11  2.500000000004160561E-01
  3.515751126855680475E+00  9.999999999999913403E-01  2.236681987634261403E-11  0.000000000000000000E+00  0.000000000000000000E+00  2.500000000250038878E-01  2.458615479676283771E-11  2.500000000004177214E-01
  3.529726367827587641E+00  9.999999999999914513E-01  2.236681987652085853E-11  0.000000000000000000E+00  0.000000000000000000E+00  2.500000000250037213E-01  2.458451676696261364E-11  2.500000000004191647E-01
  3.543701607032705425E+00  9.999999999999913403E-01  2.236681987855376798E-11  0.000000000000000000E+00  0.000000000000000000E+00  2.500000000250036658E-01  2.458288925615487287E-11  2.500000000004208300E-01
  3.557676848016962712E+00  9.999999999999912292E-01  2.236681987911969523E-11  0.000000000000000000E+00  0.000000000000000000E+00  2.500000000250037213E-01  2.458125143819958772E-11  2.500000000004225509E-01
  3.571652087234519435E+00  9.999999999999910072E-01  2.236681988145566620E-11  0.000000000000000000E+00  0.000000000000000000E+00  2.500000000250037768E-01  2.457962413120715301E-11  2.500000000004241052E-01
  3.585627328231077104E+00  9.999999999999908962E-01  2.236681988138106808E-11  0.000000000000000000E+00  0.000000000000000000E+00  2.500000000250036658E-01  2.457798652132153830E-11  2.500000000004257705E-01
  3.599602567460914226E+00  9.999999999999911182E-01  2.236681988162287624E-11  0.000000000000000000E+00  0.000000000000000000E+00  2.500000000250036658E-01  2.457635942896618742E-11  2.500000000004273804E-01
  3.613577808469583097E+00  9.999999999999907851E-01  2.236681988242418807E-11  0.000000000000000000E+00  0.000000000000000000E+00  2.500000000250036658E-01  2.457472204602271457E-11  2.500000000004289347E-01
  3.627553047711521206E+00  9.999999999999910072E-01  2.236681988232074849E-11  0.000000000000000000E+00  0.000000000000000000E+00  2.500000000250036658E-01  2.457309518357452799E-11  2.500000000004305445E-01
  3.641528288732243102E+00  9.999999999999908962E-01  2.236681988161692118E-11  0.000000000000000000E+00  0.000000000000000000E+00  2.500000000250035548E-01  2.457145802965649336E-11  2.500000000004322098E-01
  3.655503527986332379E+00  9.999999999999907851E-01  2.236681988092037048E-11  0.000000000000000000E+00  0.000000000000000000E+00  2.500000000250036658E-01  2.456983138409399065E-11  2.500000000004338196E-01
  3.669478769019222764E+00  9.999999999999904521E-01  2.236681988040947983E-11  0.000000000000000000E+00  0.000000000000000000E+00  2.500000000250036658E-01  2.456819443818280597E-11  2.500000000004354850E-01
  3.683454008285595105E+00  9.999999999999902300E-01  2.236681988001429429E-11  0.000000000000000000E+00  0.000000000000000000E+00  2.500000000250037213E-01  2.456656799234698158E-11  2.500000000004371503E-01
  3.697429249330718370E+00  9.999999999999901190E-01  2.236681988045562423E-11  0.000000000000000000E+00  0.000000000000000000E+00  2.500000000250036658E-01  2.456493125122102717E-11  2.500000000004387601E-01
  3.711404488609367114E+00  9.999999999999902300E-01  2.236681988028768394E-11  0.000000000000000000E+00  0.000000000000000000E+00  2.500000000250037213E-01  2.456330501796398336E-11  2.500000000004404255E-01
  3.725379729666681516E+00  9.999999999999901190E-01  2.236681987976931312E-11  0.000000000000000000E+00  0.000000000000000000E+00  2.500000000250037213E-01  2.456166850318246819E-11  2.500000000004420353E-01
  3.739354968957578240E+00  9.999999999999900080E-01  2.236681987971620231E-11  0.000000000000000000E+00  0.000000000000000000E+00  2.500000000250037213E-01  2.456004250084901593E-11  2.500000000004436451E-01
  3.753330210027124636E+00  9.999999999999898970E-01  2.236681988031233457E-11  0.000000000000000000E+00  0.000000000000000000E+00  2.500000000250037213E-01  2.455840621741228234E-11  2.500000000004453105E-01
  3.767305449330375478E+00  9.999999999999900080E-01  2.236681987938416038E-11  0.000000000000000000E+00  0.000000000000000000E+00  2.500000000250036658E-01  2.455678043514833859E-11  2.500000000004469203E-01
  3.781280690412260448E+00  9.999999999999896749E-01  2.236681987671706190E-11  0.000000000000000000E+00  0.000000000000000000E+00  2.500000000250036658E-01  2.455514436318475208E-11  2.500000000004484746E-01
  3.795255929727937350E+00  9.999999999999895639E-01  2.236681987827392890E-11  0.000000000000000000E+00  0.000000000000000000E+00  2.500000000250036658E-01  2.455351878382039961E-11  2.500000000004501399E-01
  3.809231170822116042E+00  9.999999999999895639E-01  2.236681987691508764E-11  0.000000000000000000E+00  0.000000000000000000E+00  2.500000000250036658E-01  2.455188291880503019E-11  2.500000000004517497E-01
  3.823206410150066681E+00  9.999999999999897859E-01  2.236681987703700308E-11  0.000000000000000000E+00  0.000000000000000000E+00  2.500000000250036658E-01  2.455025755330432507E-11  2.500000000004534151E-01
  3.837181651256352577E+00  9.999999999999896749E-01  2.236681987762493462E-11  0.000000000000000000E+00  0.000000000000000000E+00  2.500000000250037213E-01  2.454862191495011458E-11  2.500000000004550804E-01
  3.851156890596400206E+00  9.999999999999894529E-01  2.236681987749233692E-11  0.000000000000000000E+00  0.000000000000000000E+00  2.500000000250036658E-01  2.454699677950529825E-11  2.500000000004566902E-01
  3.865132131714731134E+00  9.999999999999892308E-01  2.236681987621738988E-11  0.000000000000000000E+00  0.000000000000000000E+00  2.500000000250036103E-01  2.454536137053549653E-11  2.500000000004582446E-01
  3.879107371066920606E+00  9.999999999999892308E-01  2.236681987566037097E-11  0.000000000000000000E+00  0.000000000000000000E+00  2.500000000250036103E-01  2.454373645211557597E-11  2.500000000004599099E-01
  3.893082612197412917E+00  9.999999999999893419E-01  2.236681987467133761E-11  0.000000000000000000E+00  0.000000000000000000E+00  2.500000000250036658E-01  2.454210125071239933E-11  2.500000000004615197E-01
  3.907057851561874795E+00  9.999999999999891198E-01  2.236681987385166948E-11  0.000000000000000000E+00  0.000000000000000000E+00  2.500000000250036658E-01  2.454047653133556339E-11  2.500000000004631850E-01
  3.921033092704590217E+00  9.999999999999891198E-01  2.236681987252730808E-11  0.000000000000000000E+00  0.000000000000000000E+00  2.500000000250037213E-01  2.453884153387029326E-11  2.500000000004649059E-01
  3.935008332081322724E+00  9.999999999999892308E-01  2.236681987270820214E-11  0.000000000000000000E+00  0.000000000000000000E+00  2.500000000250037213E-01  2.453721702649488200E-11  2.500000000004665712E-01
  3.948983573236225286E+00  9.999999999999891198E-01  2.236681987478036066E-11  0.000000000000000000E+00  0.000000000000000000E+00  2.500000000250037768E-01  2.453558225513631423E-11  2.500000000004681810E-01
  3.962958812625200444E+00  9.999999999999892308E-01  2.236681987509174570E-11  0.000000000000000000E+00  0.000000000000000000E+00  2.500000000250038323E-01  2.453395797874568974E-11  2.500000000004699019E-01
  3.976934053792324342E+00  9.999999999999893419E-01  2.236681987385249989E-11  0.000000000000000000E+00  0.000000000000000000E+00  2.500000000250037768E-01  2.453232343892158641E-11  2.500000000004715117E-01
  3.990909293193645180E+00  9.999999999999890088E-01  2.236681987478966321E-11  0.000000000000000000E+00  0.000000000000000000E+00  2.500000000250037768E-01  2.453069938266636375E-11  2.500000000004731215E-01
  4.004884534373100990E+00  9.999999999999887867E-01  2.236681987617341683E-11  0.000000000000000000E+00  0.000000000000000000E+00  2.500000000250037768E-01  2.452906505404175611E-11  2.500000000004746759E-01
  4.018859773786833678E+00  9.999999999999883427E-01  2.236681987588643362E-11  0.000000000000000000E+00  0.000000000000000000E+00  2.500000000250038323E-01  2.452744120045566770E-11  2.500000000004763412E-01
  4.032835014978573440E+00  9.999999999999884537E-01  2.236681987580484647E-11  0.000000000000000000E+00  0.000000000000000000E+00  2.500000000250038323E-01  2.452580707868915647E-11  2.500000000004780065E-01
  4.046810254404575424E+00  9.999999999999884537E-01  2.236681987475194249E-11  0.000000000000000000E+00  0.000000000000000000E+00  2.500000000250038323E-01  2.452418343867972897E-11  2.500000000004796719E-01
  4.060785495608413953E+00  9.999999999999887867E-01  2.236681987770756867E-11  0.000000000000000000E+00  0.000000000000000000E+00  2.500000000250038878E-01  2.452254954324210211E-11  2.500000000004812817E-01
  4.074760735046512039E+00  9.999999999999886757E-01  2.236681987561505052E-11  0.000000000000000000E+00  0.000000000000000000E+00  2.500000000250038878E-01  2.452092613300775496E-11  2.500000000004829470E-01
  4.088735976262390714E+00  9.999999999999888978E-01  2.236681987590015965E-11  0.000000000000000000E+00  0.000000000000000000E+00  2.500000000250038878E-01  2.451929246646419647E-11  2.500000000004846124E-01
  4.102711215712620429E+00  9.999999999999883427E-01  2.236681987496951684E-11  0.000000000000000000E+00  0.000000000000000000E+00  2.500000000250038323E-01  2.451766927261606796E-11  2.500000000004862222E-01
  4.116686456940650274E+00  9.999999999999882316E-01  2.236681987450986291E-11  0.000000000000000000E+00  0.000000000000000000E+00  2.500000000250038323E-01  2.451603581292609194E-11  2.500000000004878875E-01
  4.130661696403142180E+00  9.999999999999883427E-01  2.236681987523874474E-11  0.000000000000000000E+00  0.000000000000000000E+00  2.500000000250038878E-01  2.451441281731041428E-11  2.500000000004895528E-01
  4.144636937643388919E+00  9.999999999999884537E-01  2.236681987448217821E-11  0.000000000000000000E+00  0.000000000000000000E+00  2.500000000250038878E-01  2.451277956062906875E-11  2.500000000004910516E-01
  4.158612177118143016E+00  9.999999999999883427E-01  2.236681987254072392E-11  0.000000000000000000E+00  0.000000000000000000E+00  2.500000000250038878E-01  2.451115677629228966E-11  2.500000000004927725E-01
  4.172587418370569345E+00  9.999999999999884537E-01  2.236681987348118950E-11  0.000000000000000000E+00  0.000000000000000000E+00  2.500000000250039434E-01  2.450952374549102485E-11  2.500000000004943823E-01
  4.186562657857558989E+00  9.999999999999884537E-01  2.236681987406763147E-11  0.000000000000000000E+00  0.000000000000000000E+00  2.500000000250038878E-01  2.450790119235983159E-11  2.500000000004959366E-01
  4.200537899122201324E+00  9.999999999999883427E-01  2.236681987298349819E-11  0.000000000000000000E+00  0.000000000000000000E+00  2.500000000250038323E-01  2.450626839355970002E-11  2.500000000004975464E-01
  4.214513138621525101E+00  9.999999999999880096E-01  2.236681987475648875E-11  0.000000000000000000E+00  0.000000000000000000E+00  2.500000000250038323E-01  2.450464606128533934E-11  2.500000000004992118E-01
  4.228488379898490024E+00  9.999999999999882316E-01  2.236681987516463129E-11  0.000000000000000000E+00  0.000000000000000000E+00  2.500000000250038878E-01  2.450301347423095286E-11  2.500000000005008771E-01
  4.242463619410218101E+00  9.999999999999882316E-01  2.236681987538064176E-11  0.000000000000000000E+00  0.000000000000000000E+00  2.500000000250038323E-01  2.450139134467118258E-11  2.500000000005024869E-01
  4.256438860699455873E+00  9.999999999999878986E-01  2.236681987399547612E-11  0.000000000000000000E+00  0.000000000000000000E+00  2.500000000250038323E-01  2.449975896417306529E-11  2.500000000005040968E-01
  4.270414100223447917E+00  9.999999999999877875E-01  2.236681987342880893E-11  0.000000000000000000E+00  0.000000000000000000E+00  2.500000000250038323E-01  2.449813704783220031E-11  2.500000000005057066E-01
  4.284389341524779127E+00  9.999999999999877875E-01  2.236681987579345335E-11  0.000000000000000000E+00  0.000000000000000000E+00  2.500000000250038878E-01  2.449650489327704239E-11  2.500000000005073164E-01
  4.298364581060859280E+00  9.999999999999878986E-01  2.236681987748149310E-11  0.000000000000000000E+00  0.000000000000000000E+00  2.500000000250038323E-01  2.449488320643939968E-11  2.500000000005089817E-01
  4.312339822374227971E+00  9.999999999999874545E-01  2.236681987872912057E-11  0.000000000000000000E+00  0.000000000000000000E+00  2.500000000250038878E-01  2.449325128038698263E-11  2.500000000005105916E-01
  4.326315061922429983E+00  9.999999999999876765E-01  2.236681988082175181E-11  0.000000000000000000E+00  0.000000000000000000E+00  2.500000000250038878E-01  2.449162980937535695E-11  2.500000000005122569E-01
  4.340290303247938297E+00  9.999999999999876765E-01  2.236681988094609709E-11  0.000000000000000000E+00  0.000000000000000000E+00  2.500000000250039434E-01  2.448999808946830389E-11  2.500000000005139222E-01
  4.354265542808391842E+00  9.999999999999877875E-01  2.236681988018776311E-11  0.000000000000000000E+00  0.000000000000000000E+00  2.500000000250038878E-01  2.448837681573588419E-11  2.500000000005154766E-01
  4.368240784146103728E+00  9.999999999999877875E-01  2.236681987971363029E-11  0.000000000000000000E+00  0.000000000000000000E+00  2.500000000250038323E-01  2.448674529779283267E-11  2.500000000005171419E-01
  4.382216023718812359E+00  9.999999999999880096E-01  2.236681988106537589E-11  0.000000000000000000E+00  0.000000000000000000E+00  2.500000000250038878E-01  2.448512423447825207E-11  2.500000000005188072E-01
  4.396191265068699394E+00  9.999999999999875655E-01  2.236681988037415017E-11  0.000000000000000000E+00  0.000000000000000000E+00  2.500000000250039434E-01  2.448349294189364050E-11  2.500000000005204170E-01
  4.410166504653640018E+00  9.999999999999874545E-01  2.236681988202456936E-11  0.000000000000000000E+00  0.000000000000000000E+00  2.500000000250039434E-01  2.448187210976855124E-11  2.500000000005221379E-01
  4.424141746015740395E+00  9.999999999999872324E-01  2.236681988358937213E-11  0.000000000000000000E+00  0.000000000000000000E+00  2.500000000250039989E-01  2.448024104947017557E-11  2.500000000005237477E-01
  4.438116985613008936E+00  9.999999999999873435E-01  2.236681988406639039E-11  0.000000000000000000E+00  0.000000000000000000E+00  2.500000000250039989E-01  2.447862043854087554E-11  2.500000000005253575E-01
  4.452092226987421242E+00  9.999999999999871214E-01  2.236681988554752513E-11  0.000000000000000000E+00  0.000000000000000000E+00  2.500000000250040544E-01  2.447698959046257165E-11  2.500000000005270229E-01
  4.466067466597086089E+00  9.999999999999871214E-01  2.236681988676260498E-11  0.000000000000000000E+00  0.000000000000000000E+00  2.500000000250039989E-01  2.447536918262685937E-11  2.500000000005285772E-01
  4.480042707983760586E+00  9.999999999999870104E-01  2.236681988525772757E-11  0.000000000000000000E+00  0.000000000000000000E+00  2.500000000250039989E-01  2.447373854101830676E-11  2.500000000005302425E-01
  4.494017947605673413E+00  9.999999999999866773E-01  2.236681988418701981E-11  0.000000000000000000E+00  0.000000000000000000E+00  2.500000000250040544E-01  2.447211834610472288E-11  2.500000000005319079E-01
  4.507993189004442236E+00  9.999999999999863443E-01  2.236681988600043882E-11  0.000000000000000000E+00  0.000000000000000000E+00  2.500000000250039989E-01  2.447048792995748757E-11  2.500000000005334622E-01
  4.521968428638438731E+00  9.999999999999865663E-01  2.236681988585273216E-11  0.000000000000000000E+00  0.000000000000000000E+00  2.500000000250038878E-01  2.446886796398007104E-11  2.500000000005350165E-01
  4.535943670049230825E+00  9.999999999999864553E-01  2.236681988701776112E-11  0.000000000000000000E+00  0.000000000000000000E+00  2.500000000250039434E-01  2.446723777574220051E-11  2.500000000005367373E-01
  4.549918909695342073E+00  9.999999999999867883E-01  2.236681988682503773E-11  0.000000000000000000E+00  0.000000000000000000E+00  2.500000000250039989E-01  2.446561802493794225E-11  2.500000000005383471E-01
  4.563894151118262243E+00  9.999999999999865663E-01  2.236681988679476486E-11  0.000000000000000000E+00  0.000000000000000000E+00  2.500000000250039989E-01  2.446398804191488984E-11  2.500000000005399570E-01
  4.577869390776620584E+00  9.999999999999865663E-01  2.236681988714908250E-11  0.000000000000000000E+00  0.000000000000000000E+00  2.500000000250039989E-01  2.446236848743190425E-11  2.500000000005416223E-01
  4.591844632211742550E+00  9.999999999999865663E-01  2.236681988830410775E-11  0.000000000000000000E+00  0.000000000000000000E+00  2.500000000250040544E-01  2.446073870571201362E-11  2.500000000005432321E-01
  4.605819871882345318E+00  9.999999999999865663E-01  2.236681988929849840E-11  0.000000000000000000E+00  0.000000000000000000E+00  2.500000000250039989E-01  2.445911936136372579E-11  2.500000000005448419E-01
  4.619795113329633551E+00  9.999999999999864553E-01  2.236681988805115527E-11  0.000000000000000000E+00  0.000000000000000000E+00  2.500000000250039989E-01  2.445748980521052752E-11  2.500000000005465073E-01
  4.633770353012461207E+00  9.999999999999864553E-01  2.236681988667177344E-11  0.000000000000000000E+00  0.000000000000000000E+00  2.500000000250039989E-01  2.445587069261845638E-11  2.500000000005480616E-01
  4.647745594471953900E+00  9.999999999999865663E-01  2.236681988555076923E-11  0.000000000000000000E+00  0.000000000000000000E+00  2.500000000250039989E-01  2.445424136939660118E-11  2.500000000005497824E-01
  4.661720834167102367E+00  9.999999999999864553E-01  2.236681988712825112E-11  0.000000000000000000E+00  0.000000000000000000E+00  2.500000000250039434E-01  2.445262247840958303E-11  2.500000000005514478E-01
  4.675696075638898108E+00  9.999999999999862332E-01  2.236681988644759780E-11  0.000000000000000000E+00  0.000000000000000000E+00  2.500000000250039989E-01  2.445099336735690216E-11  2.500000000005530021E-01
  4.689671315346429559E+00  9.999999999999862332E-01  2.236681988709314118E-11  0.000000000000000000E+00  0.000000000000000000E+00  2.500000000250040544E-01  2.444937467906255735E-11  2.500000000005546674E-01
  4.703646556830466174E+00  9.999999999999860112E-01  2.236681988691221158E-11  0.000000000000000000E+00  0.000000000000000000E+00  2.500000000250040544E-01  2.444774577376140234E-11  2.500000000005562772E-01
  4.717621796550240276E+00  9.999999999999859002E-01  2.236681988710014960E-11  0.000000000000000000E+00  0.000000000000000000E+00  2.500000000250040544E-01  2.444612729748256044E-11  2.500000000005579426E-01
  4.731597038046347237E+00  9.999999999999859002E-01  2.236681988740607718E-11  0.000000000000000000E+00  0.000000000000000000E+00  2.500000000250039989E-01  2.444449861686559947E-11  2.500000000005595524E-01
  4.745572277778196124E+00  9.999999999999856781E-01  2.236681988822935453E-11  0.000000000000000000E+00  0.000000000000000000E+00  2.500000000250040544E-01  2.444288036901279035E-11  2.500000000005611622E-01
  4.759547519286300599E+00  9.999999999999855671E-01  2.236681988857113522E-11  0.000000000000000000E+00  0.000000000000000000E+00  2.500000000250041099E-01  2.444125191620118913E-11  2.500000000005628276E-01
  4.773522759030259799E+00  9.999999999999853451E-01  2.236681988862559343E-11  0.000000000000000000E+00  0.000000000000000000E+00  2.500000000250040544E-01  2.443963388373784279E-11  2.500000000005644374E-01
  4.787498000550468369E+00  9.999999999999850120E-01  2.236681988730545195E-11  0.000000000000000000E+00  0.000000000000000000E+00  2.500000000250041099E-01  2.443800563640627447E-11  2.500000000005661027E-01
  4.801473240306656898E+00  9.999999999999849010E-01  2.236681988808945115E-11  0.000000000000000000E+00  0.000000000000000000E+00  2.500000000250041099E-01  2.443638780023931751E-11  2.500000000005676570E-01
  4.815448481839033512E+00  9.999999999999846789E-01  2.236681988708239430E-11  0.000000000000000000E+00  0.000000000000000000E+00  2.500000000250041099E-01  2.443475975377353276E-11  2.500000000005692669E-01
  4.829423721607462916E+00  9.999999999999846789E-01  2.236681988630146148E-11  0.000000000000000000E+00  0.000000000000000000E+00  2.500000000250040544E-01  2.443314212713306317E-11  2.500000000005709322E-01
  4.843398963151983594E+00  9.999999999999845679E-01  2.236681988650145824E-11  0.000000000000000000E+00  0.000000000000000000E+00  2.500000000250041099E-01  2.443151430557055254E-11  2.500000000005725420E-01
  4.857374202932631668E+00  9.999999999999846789E-01  2.236681988688484030E-11  0.000000000000000000E+00  0.000000000000000000E+00  2.500000000250040544E-01  2.442989691013099004E-11  2.500000000005741518E-01
  4.871349444489331937E+00  9.999999999999846789E-01  2.236681988627163128E-11  0.000000000000000000E+00  0.000000000000000000E+00  2.500000000250041099E-01  2.442826932114049652E-11  2.500000000005757617E-01
  4.885324684282292829E+00  9.999999999999845679E-01  2.236681988506995434E-11  0.000000000000000000E+00  0.000000000000000000E+00  2.500000000250039989E-01  2.442665214712658251E-11  2.500000000005773715E-01
  4.899299925851262394E+00  9.999999999999842348E-01  2.236681988578012444E-11  0.000000000000000000E+00  0.000000000000000000E+00  2.500000000250039989E-01  2.442502477000236658E-11  2.500000000005789813E-01
  4.913275165656595611E+00  9.999999999999843459E-01  2.236681988503336775E-11  0.000000000000000000E+00  0.000000000000000000E+00  2.500000000250039989E-01  2.442340779820709004E-11  2.500000000005806466E-01
  4.927250407237799834E+00  9.999999999999842348E-01  2.236681988603860545E-11  0.000000000000000000E+00  0.000000000000000000E+00  2.500000000250039989E-01  2.442178062641294174E-11  2.500000000005822010E-01
  4.941225647055372150E+00  9.999999999999843459E-01  2.236681988505636402E-11  0.000000000000000000E+00  0.000000000000000000E+00  2.500000000250039989E-01  2.442016386648235305E-11  2.500000000005838663E-01
  4.955200888648638724E+00  9.999999999999841238E-01  2.236681988436505105E-11  0.000000000000000000E+00  0.000000000000000000E+00  2.500000000250039989E-01  2.441853691938976636E-11  2.500000000005854761E-01
  4.969176128478280496E+00  9.999999999999840128E-01  2.236681988472809933E-11  0.000000000000000000E+00  0.000000000000000000E+00  2.500000000250039434E-01  2.441692038807316462E-11  2.500000000005870304E-01
  4.983151370083541920E+00  9.999999999999839018E-01  2.236681988488673060E-11  0.000000000000000000E+00  0.000000000000000000E+00  2.500000000250039989E-01  2.441529366889033693E-11  2.500000000005886958E-01
  4.997126609925282459E+00  9.999999999999837907E-01  2.236681988522271780E-11  0.000000000000000000E+00  0.000000000000000000E+00  2.500000000250039989E-01  2.441367735275169498E-11  2.500000000005903056E-01
