  #time                     mass                      x-momentum                y-momentum                z-momentum                E_total                   E_kinetic                 E_internal               
  0.000000000000000000E+00  1.000000000000002665E+00  2.236681987811218601E-11  0.000000000000000000E+00  0.000000000000000000E+00  2.500000000250036103E-01  2.500034831448640601E-11  2.500000000000032196E-01
  7.966059505670412821E-03  1.000000000000002442E+00  2.236681987746128211E-11  0.000000000000000000E+00  0.000000000000000000E+00  2.500000000250036103E-01  2.499951015545680797E-11  2.500000000000040523E-01
  2.194129718842309507E-02  1.000000000000002220E+00  2.236681987703085092E-11  0.000000000000000000E+00  0.000000000000000000E+00  2.500000000250036103E-01  2.499803980436042794E-11  2.500000000000054956E-01
  3.591653665318561561E-02  1.000000000000002220E+00  2.236681987697277380E-11  0.000000000000000000E+00  0.000000000000000000E+00  2.500000000250035548E-01  2.499656953979707261E-11  2.500000000000069944E-01
  4.989177434674987172E-02  1.000000000000002220E+00  2.236681987588294072E-11  0.000000000000000000E+00  0.000000000000000000E+00  2.500000000250036103E-01  2.499509936213907342E-11  2.500000000000085487E-01
  6.386701382228977819E-02  1.000000000000002442E+00  2.236681987635272115E-11  0.000000000000000000E+00  0.000000000000000000E+00  2.500000000250036103E-01  2.499362927120575604E-11  2.500000000000099920E-01
  7.784225152676299553E-02  1.000000000000002220E+00  2.236681987544687437E-11  0.000000000000000000E+00  0.000000000000000000E+00  2.500000000250036103E-01  2.499215926784223409E-11  2.500000000000114353E-01
  9.181749101323881390E-02  1.000000000000002442E+00  2.236681987553012557E-11  0.000000000000000000E+00  0.000000000000000000E+00  2.500000000250036103E-01  2.499068935152120256E-11  2.500000000000129341E-01
  1.057927287287735441E-01  1.000000000000002442E+00  2.236681987574646884E-11  0.000000000000000000E+00  0.000000000000000000E+00  2.500000000250035548E-01  2.498921952222984337E-11  2.500000000000143219E-01
  1.197679682261937328E-01  1.000000000000002665E+00  2.236681987541085324E-11  0.000000000000000000E+00  0.000000000000000000E+00  2.500000000250035548E-01  2.498774977907694373E-11  2.500000000000158207E-01
  1.337432059526480754E-01  1.000000000000002665E+00  2.236681987440543459E-11  0.000000000000000000E+00  0.000000000000000000E+00  2.500000000250036103E-01  2.498628012188228489E-11  2.500000000000173195E-01
  1.477184454609228037E-01  1.000000000000002665E+00  2.236681987613620985E-11  0.000000000000000000E+00  0.000000000000000000E+00  2.500000000250034993E-01  2.498481055012728924E-11  2.500000000000185962E-01
  1.616936831983003531E-01  1.000000000000002665E+00  2.236681987651634458E-11  0.000000000000000000E+00  0.000000000000000000E+00  2.500000000250035548E-01  2.498334106443457498E-11  2.500000000000202061E-01
  1.756689227174829948E-01  1.000000000000002220E+00  2.236681987602557122E-11  0.000000000000000000E+00  0.000000000000000000E+00  2.500000000250036103E-01  2.498187166455455327E-11  2.500000000000217049E-01
  1.896441604659352687E-01  1.000000000000002220E+00  2.236681987601493096E-11  0.000000000000000000E+00  0.000000000000000000E+00  2.500000000250035548E-01  2.498040235112636656E-11  2.500000000000230371E-01
  2.036193999961852241E-01  1.000000000000001776E+00  2.236681987773821959E-11  0.000000000000000000E+00  0.000000000000000000E+00  2.500000000250034993E-01  2.497893312376683957E-11  2.500000000000245359E-01
  2.175946377557944345E-01  1.000000000000001776E+00  2.236681987880657182E-11  0.000000000000000000E+00  0.000000000000000000E+00  2.500000000250034993E-01  2.497746398297557323E-11  2.500000000000260347E-01
  2.315698772970324060E-01  1.000000000000001998E+00  2.236681987972041253E-11  0.000000000000000000E+00  0.000000000000000000E+00  2.500000000250034993E-01  2.497599492820720996E-11  2.500000000000274780E-01
  2.455451150675547478E-01  1.000000000000001776E+00  2.236681988085290680E-11  0.000000000000000000E+00  0.000000000000000000E+00  2.500000000250034993E-01  2.497452596030747085E-11  2.500000000000290323E-01
  2.595203546195187227E-01  1.000000000000001554E+00  2.236681988204453802E-11  0.000000000000000000E+00  0.000000000000000000E+00  2.500000000250034993E-01  2.497305707902081848E-11  2.500000000000304756E-01
  2.734955924007325678E-01  1.000000000000001776E+00  2.236681988181765789E-11  0.000000000000000000E+00  0.000000000000000000E+00  2.500000000250034993E-01  2.497158828527669366E-11  2.500000000000318634E-01
  2.874708319633927922E-01  1.000000000000001554E+00  2.236681988002466959E-11  0.000000000000000000E+00  0.000000000000000000E+00  2.500000000250034438E-01  2.497011957852411009E-11  2.500000000000333067E-01
  3.014460697554444679E-01  1.000000000000001554E+00  2.236681988020286239E-11  0.000000000000000000E+00  0.000000000000000000E+00  2.500000000250034993E-01  2.496865095887265306E-11  2.500000000000348055E-01
  3.154213093290053060E-01  1.000000000000001554E+00  2.236681987920275579E-11  0.000000000000000000E+00  0.000000000000000000E+00  2.500000000250034438E-01  2.496718242525946333E-11  2.500000000000362488E-01
  3.293965471320873251E-01  1.000000000000001110E+00  2.236681987977362027E-11  0.000000000000000000E+00  0.000000000000000000E+00  2.500000000250034993E-01  2.496571397769135544E-11  2.500000000000377476E-01
  3.433717867165956839E-01  1.000000000000001332E+00  2.236681987815782958E-11  0.000000000000000000E+00  0.000000000000000000E+00  2.500000000250034438E-01  2.496424561581401821E-11  2.500000000000391909E-01
  3.573470245306229476E-01  1.000000000000001110E+00  2.236681988006484601E-11  0.000000000000000000E+00  0.000000000000000000E+00  2.500000000250033882E-01  2.496277734046615786E-11  2.500000000000406342E-01
  3.713222641259608658E-01  1.000000000000000666E+00  2.236681987984119705E-11  0.000000000000000000E+00  0.000000000000000000E+00  2.500000000250033327E-01  2.496130915149349227E-11  2.500000000000420775E-01
  3.852975019508526611E-01  1.000000000000000888E+00  2.236681987877482553E-11  0.000000000000000000E+00  0.000000000000000000E+00  2.500000000250033882E-01  2.495984104947569088E-11  2.500000000000435207E-01
  3.992727415570832550E-01  1.000000000000000444E+00  2.236681987826192509E-11  0.000000000000000000E+00  0.000000000000000000E+00  2.500000000250033882E-01  2.495837303358047105E-11  2.500000000000449640E-01
  4.132479793930423084E-01  1.000000000000000222E+00  2.236681987778943694E-11  0.000000000000000000E+00  0.000000000000000000E+00  2.500000000250033327E-01  2.495690510346140889E-11  2.500000000000463518E-01
  4.272232190103606442E-01  1.000000000000000444E+00  2.236681987956329991E-11  0.000000000000000000E+00  0.000000000000000000E+00  2.500000000250032772E-01  2.495543725804270109E-11  2.500000000000478506E-01
  4.411984568575160193E-01  1.000000000000000222E+00  2.236681987876942947E-11  0.000000000000000000E+00  0.000000000000000000E+00  2.500000000250032217E-01  2.495396949787407702E-11  2.500000000000492939E-01
  4.551736964858554835E-01  1.000000000000000444E+00  2.236681987981663690E-11  0.000000000000000000E+00  0.000000000000000000E+00  2.500000000250032217E-01  2.495250182324063934E-11  2.500000000000507372E-01
  4.691489343439633197E-01  1.000000000000000222E+00  2.236681987963989167E-11  0.000000000000000000E+00  0.000000000000000000E+00  2.500000000250032217E-01  2.495103423571767274E-11  2.500000000000521805E-01
  4.831241739830484661E-01  1.000000000000000444E+00  2.236681987966549226E-11  0.000000000000000000E+00  0.000000000000000000E+00  2.500000000250031662E-01  2.494956673585676777E-11  2.500000000000536793E-01
  4.970994118518706761E-01  1.000000000000000222E+00  2.236681988027169609E-11  0.000000000000000000E+00  0.000000000000000000E+00  2.500000000250032772E-01  2.494809932455992285E-11  2.500000000000551781E-01
  5.110746515016605374E-01  9.999999999999997780E-01  2.236681988095538349E-11  0.000000000000000000E+00  0.000000000000000000E+00  2.500000000250032772E-01  2.494663200063837931E-11  2.500000000000566769E-01
  5.250498893813363432E-01  9.999999999999997780E-01  2.236681988211027949E-11  0.000000000000000000E+00  0.000000000000000000E+00  2.500000000250033327E-01  2.494516476335599161E-11  2.500000000000581757E-01
  5.390251290420359220E-01  9.999999999999998890E-01  2.236681988098404077E-11  0.000000000000000000E+00  0.000000000000000000E+00  2.500000000250033327E-01  2.494369761122806750E-11  2.500000000000596745E-01
  5.530003669327590021E-01  9.999999999999996669E-01  2.236681988026745679E-11  0.000000000000000000E+00  0.000000000000000000E+00  2.500000000250032772E-01  2.494223054423251221E-11  2.500000000000611178E-01
  5.669756066044104870E-01  1.000000000000000000E+00  2.236681988048414903E-11  0.000000000000000000E+00  0.000000000000000000E+00  2.500000000250033327E-01  2.494076356238126493E-11  2.500000000000626166E-01
  5.809508445060790338E-01  9.999999999999997780E-01  2.236681987931586628E-11  0.000000000000000000E+00  0.000000000000000000E+00  2.500000000250033327E-01  2.493929666744979775E-11  2.500000000000640599E-01
  5.949260841885494200E-01  9.999999999999997780E-01  2.236681987809839536E-11  0.000000000000000000E+00  0.000000000000000000E+00  2.500000000250033882E-01  2.493782985992549778E-11  2.500000000000655587E-01
  6.089013221010671773E-01  9.999999999999996669E-01  2.236681987697268979E-11  0.000000000000000000E+00  0.000000000000000000E+00  2.500000000250033882E-01  2.493636314042243675E-11  2.500000000000671130E-01
  6.228765617944124200E-01  9.999999999999998890E-01  2.236681987609184583E-11  0.000000000000000000E+00  0.000000000000000000E+00  2.500000000250033882E-01  2.493489650738455870E-11  2.500000000000685563E-01
  6.368517997179813372E-01  9.999999999999993339E-01  2.236681987648516375E-11  0.000000000000000000E+00  0.000000000000000000E+00  2.500000000250034438E-01  2.493342995972964318E-11  2.500000000000699996E-01
  6.508270394224041633E-01  9.999999999999994449E-01  2.236681987660674314E-11  0.000000000000000000E+00  0.000000000000000000E+00  2.500000000250033882E-01  2.493196349568246044E-11  2.500000000000714429E-01
  6.648022773571636845E-01  9.999999999999993339E-01  2.236681987547501143E-11  0.000000000000000000E+00  0.000000000000000000E+00  2.500000000250034438E-01  2.493049711552565744E-11  2.500000000000729417E-01
  6.787775170726003671E-01  9.999999999999991118E-01  2.236681987309989155E-11  0.000000000000000000E+00  0.000000000000000000E+00  2.500000000250034438E-01  2.492903082010169180E-11  2.500000000000743849E-01
  6.927527550182992488E-01  9.999999999999992228E-01  2.236681987368825284E-11  0.000000000000000000E+00  0.000000000000000000E+00  2.500000000250034438E-01  2.492756461171391901E-11  2.500000000000759393E-01
  7.067279947444639054E-01  9.999999999999994449E-01  2.236681987468454665E-11  0.000000000000000000E+00  0.000000000000000000E+00  2.500000000250033882E-01  2.492609849174483253E-11  2.500000000000773825E-01
  7.207032327008527917E-01  9.999999999999995559E-01  2.236681987541512485E-11  0.000000000000000000E+00  0.000000000000000000E+00  2.500000000250034438E-01  2.492463246127557680E-11  2.500000000000788258E-01
  7.346784724377002362E-01  9.999999999999996669E-01  2.236681987453303366E-11  0.000000000000000000E+00  0.000000000000000000E+00  2.500000000250033882E-01  2.492316651849609647E-11  2.500000000000802691E-01
  7.486537104049231228E-01  9.999999999999991118E-01  2.236681987547502113E-11  0.000000000000000000E+00  0.000000000000000000E+00  2.500000000250033882E-01  2.492170066193884712E-11  2.500000000000817124E-01
  7.626289501526705150E-01  9.999999999999988898E-01  2.236681987827411631E-11  0.000000000000000000E+00  0.000000000000000000E+00  2.500000000250034438E-01  2.492023488935072446E-11  2.500000000000831557E-01
  7.766041881309346806E-01  9.999999999999990008E-01  2.236681987953437767E-11  0.000000000000000000E+00  0.000000000000000000E+00  2.500000000250033882E-01  2.491876920071399581E-11  2.500000000000846545E-01
  7.905794278896297600E-01  9.999999999999991118E-01  2.236681987869387816E-11  0.000000000000000000E+00  0.000000000000000000E+00  2.500000000250034438E-01  2.491730359682329093E-11  2.500000000000861533E-01
  8.045546658788287342E-01  9.999999999999991118E-01  2.236681987950809207E-11  0.000000000000000000E+00  0.000000000000000000E+00  2.500000000250034993E-01  2.491583808026672549E-11  2.500000000000876521E-01
  8.185299056483270608E-01  9.999999999999991118E-01  2.236681987806361823E-11  0.000000000000000000E+00  0.000000000000000000E+00  2.500000000250034438E-01  2.491437265222457635E-11  2.500000000000890399E-01
  8.325051436483533740E-01  9.999999999999993339E-01  2.236681987677626024E-11  0.000000000000000000E+00  0.000000000000000000E+00  2.500000000250034993E-01  2.491290731330270162E-11  2.500000000000905942E-01
  8.464803834287093487E-01  9.999999999999996669E-01  2.236681987693532449E-11  0.000000000000000000E+00  0.000000000000000000E+00  2.500000000250034438E-01  2.491144206119036256E-11  2.500000000000920375E-01
  8.604556214397720559E-01  9.999999999999995559E-01  2.236681987779384749E-11  0.000000000000000000E+00  0.000000000000000000E+00  2.500000000250034993E-01  2.490997689399677293E-11  2.500000000000935363E-01
  8.744308612311995077E-01  9.999999999999994449E-01  2.236681987493722448E-11  0.000000000000000000E+00  0.000000000000000000E+00  2.500000000250034438E-01  2.490851180931331526E-11  2.500000000000949241E-01
  8.884060992534510426E-01  9.999999999999995559E-01  2.236681987585561791E-11  0.000000000000000000E+00  0.000000000000000000E+00  2.500000000250034438E-01  2.490704680731342282E-11  2.500000000000964229E-01
  9.023813390558915737E-01  9.999999999999996669E-01  2.236681987602609467E-11  0.000000000000000000E+00  0.000000000000000000E+00  2.500000000250034993E-01  2.490558188946540907E-11  2.500000000000978106E-01
  9.163565770890762519E-01  9.999999999999995559E-01  2.236681987575051427E-11  0.000000000000000000E+00  0.000000000000000000E+00  2.500000000250035548E-01  2.490411705915303078E-11  2.500000000000994205E-01
  9.303318169022324335E-01  9.999999999999994449E-01  2.236681987570538446E-11  0.000000000000000000E+00  0.000000000000000000E+00  2.500000000250034438E-01  2.490265231829780912E-11  2.500000000001008083E-01
  9.443070549460882424E-01  9.999999999999994449E-01  2.236681987562140301E-11  0.000000000000000000E+00  0.000000000000000000E+00  2.500000000250034438E-01  2.490118766786476661E-11  2.500000000001022515E-01
  9.582822947699132232E-01  9.999999999999995559E-01  2.236681987456476379E-11  0.000000000000000000E+00  0.000000000000000000E+00  2.500000000250034438E-01  2.489972310543651959E-11  2.500000000001037503E-01
  9.722575328245918191E-01  9.999999999999994449E-01  2.236681987350573996E-11  0.000000000000000000E+00  0.000000000000000000E+00  2.500000000250034993E-01  2.489825862855759859E-11  2.500000000001053047E-01
  9.862327726593140831E-01  9.999999999999993339E-01  2.236681987254972920E-11  0.000000000000000000E+00  0.000000000000000000E+00  2.500000000250035548E-01  2.489679423420233201E-11  2.500000000001067479E-01
  1.000208010725035734E+00  9.999999999999993339E-01  2.236681987211194386E-11  0.000000000000000000E+00  0.000000000000000000E+00  2.500000000250035548E-01  2.489532992231985470E-11  2.500000000001080802E-01
  1.014183250570706907E+00  9.999999999999996669E-01  2.236681987350269943E-11  0.000000000000000000E+00  0.000000000000000000E+00  2.500000000250035548E-01  2.489386569440850096E-11  2.500000000001096900E-01
  1.028158488647361146E+00  9.999999999999994449E-01  2.236681987369608198E-11  0.000000000000000000E+00  0.000000000000000000E+00  2.500000000250034993E-01  2.489240155414368951E-11  2.500000000001110778E-01
  1.042133728503827683E+00  9.999999999999994449E-01  2.236681987160737338E-11  0.000000000000000000E+00  0.000000000000000000E+00  2.500000000250034438E-01  2.489093750359760794E-11  2.500000000001125766E-01
  1.056108966591293274E+00  9.999999999999993339E-01  2.236681987304759176E-11  0.000000000000000000E+00  0.000000000000000000E+00  2.500000000250034438E-01  2.488947354361023878E-11  2.500000000001139644E-01
  1.070084206458604026E+00  9.999999999999995559E-01  2.236681987415282461E-11  0.000000000000000000E+00  0.000000000000000000E+00  2.500000000250034993E-01  2.488800967141856938E-11  2.500000000001154632E-01
  1.084059444557095686E+00  9.999999999999995559E-01  2.236681987389224010E-11  0.000000000000000000E+00  0.000000000000000000E+00  2.500000000250034438E-01  2.488654588421216958E-11  2.500000000001169065E-01
  1.098034684435477359E+00  9.999999999999997780E-01  2.236681987688503772E-11  0.000000000000000000E+00  0.000000000000000000E+00  2.500000000250034438E-01  2.488508217852725935E-11  2.500000000001183498E-01
  1.112009922545162510E+00  9.999999999999994449E-01  2.236681987477715534E-11  0.000000000000000000E+00  0.000000000000000000E+00  2.500000000250033882E-01  2.488361855419964981E-11  2.500000000001197931E-01
  1.125985162434560038E+00  9.999999999999997780E-01  2.236681987279497533E-11  0.000000000000000000E+00  0.000000000000000000E+00  2.500000000250033882E-01  2.488215501309716000E-11  2.500000000001212364E-01
  1.139960400555177111E+00  1.000000000000000000E+00  2.236681987327107593E-11  0.000000000000000000E+00  0.000000000000000000E+00  2.500000000250034438E-01  2.488069155952324877E-11  2.500000000001227352E-01
  1.153935640455282963E+00  9.999999999999997780E-01  2.236681987367632981E-11  0.000000000000000000E+00  0.000000000000000000E+00  2.500000000250033882E-01  2.487922819613555695E-11  2.500000000001241784E-01
  1.167910878586557066E+00  1.000000000000000222E+00  2.236681987347977425E-11  0.000000000000000000E+00  0.000000000000000000E+00  2.500000000250034993E-01  2.487776492423142039E-11  2.500000000001257328E-01
  1.181886118497320393E+00  1.000000000000000000E+00  2.236681987248753233E-11  0.000000000000000000E+00  0.000000000000000000E+00  2.500000000250034438E-01  2.487630174082130497E-11  2.500000000001271760E-01
  1.195861356639409845E+00  1.000000000000000000E+00  2.236681987082428537E-11  0.000000000000000000E+00  0.000000000000000000E+00  2.500000000250034993E-01  2.487483864255766245E-11  2.500000000001286193E-01
  1.209836596561070898E+00  1.000000000000000222E+00  2.236681987145079391E-11  0.000000000000000000E+00  0.000000000000000000E+00  2.500000000250033882E-01  2.487337562552410927E-11  2.500000000001300626E-01
  1.223811834714209068E+00  1.000000000000000000E+00  2.236681987098424142E-11  0.000000000000000000E+00  0.000000000000000000E+00  2.500000000250034438E-01  2.487191268956495777E-11  2.500000000001315059E-01
  1.237787074646824026E+00  1.000000000000000444E+00  2.236681987148632390E-11  0.000000000000000000E+00  0.000000000000000000E+00  2.500000000250034438E-01  2.487044983673691177E-11  2.500000000001329492E-01
  1.251762312810893674E+00  1.000000000000000444E+00  2.236681987210956249E-11  0.000000000000000000E+00  0.000000000000000000E+00  2.500000000250034438E-01  2.486898707161322022E-11  2.500000000001344480E-01
  1.265737552754295558E+00  1.000000000000000666E+00  2.236681987118229948E-11  0.000000000000000000E+00  0.000000000000000000E+00  2.500000000250034993E-01  2.486752439730794672E-11  2.500000000001358913E-01
  1.279712790929164345E+00  1.000000000000000444E+00  2.236681987265250639E-11  0.000000000000000000E+00  0.000000000000000000E+00  2.500000000250034438E-01  2.486606181515950826E-11  2.500000000001374456E-01
  1.293688030883398454E+00  1.000000000000000444E+00  2.236681986940936709E-11  0.000000000000000000E+00  0.000000000000000000E+00  2.500000000250035548E-01  2.486459932178225783E-11  2.500000000001388889E-01
  1.307663269069285539E+00  1.000000000000000444E+00  2.236681987020683059E-11  0.000000000000000000E+00  0.000000000000000000E+00  2.500000000250034993E-01  2.486313691321043955E-11  2.500000000001403877E-01
  1.321638509034593678E+00  1.000000000000000444E+00  2.236681987134825259E-11  0.000000000000000000E+00  0.000000000000000000E+00  2.500000000250035548E-01  2.486167458510846378E-11  2.500000000001418865E-01
  1.335613747231680248E+00  1.000000000000000444E+00  2.236681987174521528E-11  0.000000000000000000E+00  0.000000000000000000E+00  2.500000000250035548E-01  2.486021233711731152E-11  2.500000000001433298E-01
  1.349588987208009350E+00  1.000000000000000222E+00  2.236681987217462864E-11  0.000000000000000000E+00  0.000000000000000000E+00  2.500000000250035548E-01  2.485875017163161571E-11  2.500000000001447731E-01
  1.363564225416028730E+00  1.000000000000000666E+00  2.236681987115788473E-11  0.000000000000000000E+00  0.000000000000000000E+00  2.500000000250036103E-01  2.485728809376102932E-11  2.500000000001463274E-01
  1.377539465403058827E+00  1.000000000000000666E+00  2.236681987242738402E-11  0.000000000000000000E+00  0.000000000000000000E+00  2.500000000250036103E-01  2.485582610696055975E-11  2.500000000001478262E-01
  1.391514703621721472E+00  1.000000000000000888E+00  2.236681987120841383E-11  0.000000000000000000E+00  0.000000000000000000E+00  2.500000000250036103E-01  2.485436421257173241E-11  2.500000000001492695E-01
  1.405489943619396387E+00  1.000000000000000666E+00  2.236681987137652214E-11  0.000000000000000000E+00  0.000000000000000000E+00  2.500000000250035548E-01  2.485290240689577040E-11  2.500000000001506573E-01
  1.419465181848865498E+00  1.000000000000000666E+00  2.236681987104309403E-11  0.000000000000000000E+00  0.000000000000000000E+00  2.500000000250036103E-01  2.485144068563216496E-11  2.500000000001521561E-01
  1.433440421857437475E+00  1.000000000000000444E+00  2.236681987133476890E-11  0.000000000000000000E+00  0.000000000000000000E+00  2.500000000250036103E-01  2.484997904409711248E-11  2.500000000001535994E-01
  1.447415660097961743E+00  1.000000000000000666E+00  2.236681987193514370E-11  0.000000000000000000E+00  0.000000000000000000E+00  2.500000000250035548E-01  2.484851748178820739E-11  2.500000000001550982E-01
  1.461390900117494729E+00  1.000000000000000444E+00  2.236681987206306912E-11  0.000000000000000000E+00  0.000000000000000000E+00  2.500000000250035548E-01  2.484705600165780269E-11  2.500000000001564859E-01
  1.475366138368952473E+00  1.000000000000000444E+00  2.236681987197662228E-11  0.000000000000000000E+00  0.000000000000000000E+00  2.500000000250035548E-01  2.484559460969149361E-11  2.500000000001579847E-01
  1.489341378399265503E+00  1.000000000000000444E+00  2.236681987316120631E-11  0.000000000000000000E+00  0.000000000000000000E+00  2.500000000250035548E-01  2.484413330999605095E-11  2.500000000001593725E-01
  1.503316616661506400E+00  1.000000000000000444E+00  2.236681987335973289E-11  0.000000000000000000E+00  0.000000000000000000E+00  2.500000000250034993E-01  2.484267210408581300E-11  2.500000000001609268E-01
  1.517291856702638775E+00  1.000000000000000444E+00  2.236681987232132072E-11  0.000000000000000000E+00  0.000000000000000000E+00  2.500000000250034993E-01  2.484121098793218399E-11  2.500000000001623146E-01
  1.531267094975891307E+00  1.000000000000000444E+00  2.236681987227362536E-11  0.000000000000000000E+00  0.000000000000000000E+00  2.500000000250036103E-01  2.483974995632556427E-11  2.500000000001638134E-01
  1.545242335028096159E+00  1.000000000000000444E+00  2.236681987075335464E-11  0.000000000000000000E+00  0.000000000000000000E+00  2.500000000250035548E-01  2.483828900402528967E-11  2.500000000001653122E-01
  1.559217573312553506E+00  1.000000000000000444E+00  2.236681987131459668E-11  0.000000000000000000E+00  0.000000000000000000E+00  2.500000000250036658E-01  2.483682813033189822E-11  2.500000000001667555E-01
  1.573192813375784649E+00  9.999999999999998890E-01  2.236681986937098397E-11  0.000000000000000000E+00  0.000000000000000000E+00  2.500000000250036103E-01  2.483536733832660214E-11  2.500000000001681988E-01
  1.587168051671175029E+00  1.000000000000000000E+00  2.236681986958782484E-11  0.000000000000000000E+00  0.000000000000000000E+00  2.500000000250035548E-01  2.483390663413470295E-11  2.500000000001697531E-01
  1.601143291745101171E+00  1.000000000000000000E+00  2.236681986919591248E-11  0.000000000000000000E+00  0.000000000000000000E+00  2.500000000250036103E-01  2.483244602222593249E-11  2.500000000001711409E-01
  1.615118530051120160E+00  9.999999999999997780E-01  2.236681986887758042E-11  0.000000000000000000E+00  0.000000000000000000E+00  2.500000000250036103E-01  2.483098550403124212E-11  2.500000000001726397E-01
  1.629093770135676911E+00  9.999999999999997780E-01  2.236681986737820894E-11  0.000000000000000000E+00  0.000000000000000000E+00  2.500000000250035548E-01  2.482952507532491831E-11  2.500000000001740830E-01
  1.643069008452493707E+00  1.000000000000000000E+00  2.236681986725357931E-11  0.000000000000000000E+00  0.000000000000000000E+00  2.500000000250036103E-01  2.482806473040341501E-11  2.500000000001755263E-01
  1.657044248547948628E+00  9.999999999999997780E-01  2.236681986706737643E-11  0.000000000000000000E+00  0.000000000000000000E+00  2.500000000250036658E-01  2.482660446361823894E-11  2.500000000001770251E-01
  1.671019486875827686E+00  1.000000000000000000E+00  2.236681986828786204E-11  0.000000000000000000E+00  0.000000000000000000E+00  2.500000000250035548E-01  2.482514427435875632E-11  2.500000000001784128E-01
  1.684994726982247393E+00  9.999999999999998890E-01  2.236681986694983924E-11  0.000000000000000000E+00  0.000000000000000000E+00  2.500000000250036103E-01  2.482368416628228485E-11  2.500000000001798561E-01
  1.698969965321059261E+00  1.000000000000000000E+00  2.236681986695970078E-11  0.000000000000000000E+00  0.000000000000000000E+00  2.500000000250036103E-01  2.482222414646434006E-11  2.500000000001814104E-01
  1.712945205438250573E+00  9.999999999999998890E-01  2.236681986577455130E-11  0.000000000000000000E+00  0.000000000000000000E+00  2.500000000250035548E-01  2.482076422026532699E-11  2.500000000001827982E-01
  1.726920443787830273E+00  9.999999999999997780E-01  2.236681986464132355E-11  0.000000000000000000E+00  0.000000000000000000E+00  2.500000000250035548E-01  2.481930438941760417E-11  2.500000000001842415E-01
  1.740895683915827608E+00  9.999999999999995559E-01  2.236681986505989633E-11  0.000000000000000000E+00  0.000000000000000000E+00  2.500000000250036103E-01  2.481784464921394846E-11  2.500000000001857403E-01
  1.754870922276407841E+00  9.999999999999992228E-01  2.236681986394841762E-11  0.000000000000000000E+00  0.000000000000000000E+00  2.500000000250035548E-01  2.481638499361067457E-11  2.500000000001871836E-01
  1.768846162415476098E+00  9.999999999999995559E-01  2.236681986426930553E-11  0.000000000000000000E+00  0.000000000000000000E+00  2.500000000250034438E-01  2.481492541591731630E-11  2.500000000001885714E-01
  1.782821400787268695E+00  9.999999999999991118E-01  2.236681986350098722E-11  0.000000000000000000E+00  0.000000000000000000E+00  2.500000000250035548E-01  2.481346591513368304E-11  2.500000000001900702E-01
  1.796796640937369904E+00  9.999999999999993339E-01  2.236681986064091978E-11  0.000000000000000000E+00  0.000000000000000000E+00  2.500000000250034993E-01  2.481200649499118007E-11  2.500000000001915135E-01
  1.810771879320095090E+00  9.999999999999994449E-01  2.236681986110510381E-11  0.000000000000000000E+00  0.000000000000000000E+00  2.500000000250034993E-01  2.481054716277738815E-11  2.500000000001929568E-01
  1.824747119480881086E+00  9.999999999999995559E-01  2.236681985998813211E-11  0.000000000000000000E+00  0.000000000000000000E+00  2.500000000250035548E-01  2.480908792398552647E-11  2.500000000001944556E-01
  1.838722357874219782E+00  9.999999999999994449E-01  2.236681985921947775E-11  0.000000000000000000E+00  0.000000000000000000E+00  2.500000000250034993E-01  2.480762878053747810E-11  2.500000000001958433E-01
  1.852697598045623284E+00  9.999999999999994449E-01  2.236681985972191243E-11  0.000000000000000000E+00  0.000000000000000000E+00  2.500000000250035548E-01  2.480616972739020073E-11  2.500000000001973977E-01
  1.866672836449748019E+00  9.999999999999995559E-01  2.236681986159925699E-11  0.000000000000000000E+00  0.000000000000000000E+00  2.500000000250036103E-01  2.480471075779269857E-11  2.500000000001988965E-01
  1.880648076632046362E+00  9.999999999999996669E-01  2.236681986265724361E-11  0.000000000000000000E+00  0.000000000000000000E+00  2.500000000250035548E-01  2.480325186493704576E-11  2.500000000002002842E-01
  1.894623315047239132E+00  9.999999999999995559E-01  2.236681986025797070E-11  0.000000000000000000E+00  0.000000000000000000E+00  2.500000000250036103E-01  2.480179304777235134E-11  2.500000000002018941E-01
  1.908598555240508254E+00  9.999999999999992228E-01  2.236681986091984767E-11  0.000000000000000000E+00  0.000000000000000000E+00  2.500000000250036103E-01  2.480033431068269194E-11  2.500000000002032818E-01
  1.922573793666633835E+00  9.999999999999997780E-01  2.236681986239536663E-11  0.000000000000000000E+00  0.000000000000000000E+00  2.500000000250036103E-01  2.479887566192165309E-11  2.500000000002047806E-01
  1.936549033870666126E+00  9.999999999999998890E-01  2.236681986255185563E-11  0.000000000000000000E+00  0.000000000000000000E+00  2.500000000250036658E-01  2.479741710786035760E-11  2.500000000002062239E-01
  1.950524272307543772E+00  9.999999999999993339E-01  2.236681986444575350E-11  0.000000000000000000E+00  0.000000000000000000E+00  2.500000000250036658E-01  2.479595865064165883E-11  2.500000000002077227E-01
  1.964499512522367874E+00  9.999999999999995559E-01  2.236681986486877237E-11  0.000000000000000000E+00  0.000000000000000000E+00  2.500000000250035548E-01  2.479450028505581819E-11  2.500000000002090550E-01
  1.978474750970235174E+00  9.999999999999996669E-01  2.236681986426525687E-11  0.000000000000000000E+00  0.000000000000000000E+00  2.500000000250036103E-01  2.479304200367573284E-11  2.500000000002105538E-01
  1.992449991196128423E+00  9.999999999999995559E-01  2.236681986572241953E-11  0.000000000000000000E+00  0.000000000000000000E+00  2.500000000250036103E-01  2.479158379862818461E-11  2.500000000002119971E-01
  2.006425229655213194E+00  9.999999999999996669E-01  2.236681986577090007E-11  0.000000000000000000E+00  0.000000000000000000E+00  2.500000000250035548E-01  2.479012566863452675E-11  2.500000000002134959E-01
  2.020400469892144280E+00  9.999999999999995559E-01  2.236681986676065075E-11  0.000000000000000000E+00  0.000000000000000000E+00  2.500000000250036658E-01  2.478866761806185285E-11  2.500000000002149392E-01
  2.034375708362162971E+00  9.999999999999994449E-01  2.236681986572905636E-11  0.000000000000000000E+00  0.000000000000000000E+00  2.500000000250036658E-01  2.478720965556962593E-11  2.500000000002164380E-01
  2.048350948609769073E+00  9.999999999999993339E-01  2.236681986656524226E-11  0.000000000000000000E+00  0.000000000000000000E+00  2.500000000250036103E-01  2.478575178801586798E-11  2.500000000002178258E-01
  2.062326187090382401E+00  9.999999999999991118E-01  2.236681986589579788E-11  0.000000000000000000E+00  0.000000000000000000E+00  2.500000000250036103E-01  2.478429401778215476E-11  2.500000000002193246E-01
  2.076301427348590689E+00  9.999999999999991118E-01  2.236681986376064116E-11  0.000000000000000000E+00  0.000000000000000000E+00  2.500000000250036103E-01  2.478283633911403309E-11  2.500000000002208234E-01
  2.090276665839981174E+00  9.999999999999993339E-01  2.236681986497374030E-11  0.000000000000000000E+00  0.000000000000000000E+00  2.500000000250036103E-01  2.478137874393516350E-11  2.500000000002221556E-01
  2.104251906109084302E+00  9.999999999999990008E-01  2.236681986405115603E-11  0.000000000000000000E+00  0.000000000000000000E+00  2.500000000250036658E-01  2.477992122405938537E-11  2.500000000002237099E-01
  2.118227144611545043E+00  9.999999999999991118E-01  2.236681986390757881E-11  0.000000000000000000E+00  0.000000000000000000E+00  2.500000000250036103E-01  2.477846377805586042E-11  2.500000000002251532E-01
  2.132202384891624725E+00  9.999999999999992228E-01  2.236681986349497401E-11  0.000000000000000000E+00  0.000000000000000000E+00  2.500000000250036103E-01  2.477700641073863118E-11  2.500000000002265965E-01
  2.146177623405021162E+00  9.999999999999991118E-01  2.236681986560525069E-11  0.000000000000000000E+00  0.000000000000000000E+00  2.500000000250034993E-01  2.477554913151447958E-11  2.500000000002279843E-01
  2.160152863695854020E+00  9.999999999999991118E-01  2.236681986551716242E-11  0.000000000000000000E+00  0.000000000000000000E+00  2.500000000250034993E-01  2.477409194818521483E-11  2.500000000002294276E-01
  2.174128102219984537E+00  9.999999999999988898E-01  2.236681986556928449E-11  0.000000000000000000E+00  0.000000000000000000E+00  2.500000000250034438E-01  2.477263486348316314E-11  2.500000000002308154E-01
  2.188103342521593220E+00  9.999999999999986677E-01  2.236681986332551184E-11  0.000000000000000000E+00  0.000000000000000000E+00  2.500000000250034993E-01  2.477117787150694336E-11  2.500000000002323697E-01
  2.202078581056701179E+00  9.999999999999987788E-01  2.236681986223440891E-11  0.000000000000000000E+00  0.000000000000000000E+00  2.500000000250036103E-01  2.476972096365585783E-11  2.500000000002338685E-01
  2.216053821369376120E+00  9.999999999999991118E-01  2.236681986263479018E-11  0.000000000000000000E+00  0.000000000000000000E+00  2.500000000250035548E-01  2.476826413097643574E-11  2.500000000002352563E-01
  2.230029059915706213E+00  9.999999999999988898E-01  2.236681986338516255E-11  0.000000000000000000E+00  0.000000000000000000E+00  2.500000000250035548E-01  2.476680737151489589E-11  2.500000000002366995E-01
  2.244004300239423877E+00  9.999999999999988898E-01  2.236681986207573887E-11  0.000000000000000000E+00  0.000000000000000000E+00  2.500000000250035548E-01  2.476535069050218951E-11  2.500000000002381983E-01
  2.257979538796688779E+00  9.999999999999988898E-01  2.236681986190215696E-11  0.000000000000000000E+00  0.000000000000000000E+00  2.500000000250035548E-01  2.476389409769318972E-11  2.500000000002396416E-01
  2.271954779131072577E+00  9.999999999999987788E-01  2.236681986310254789E-11  0.000000000000000000E+00  0.000000000000000000E+00  2.500000000250035548E-01  2.476243760100555302E-11  2.500000000002411404E-01
  2.285930017698915240E+00  9.999999999999985567E-01  2.236681986258898829E-11  0.000000000000000000E+00  0.000000000000000000E+00  2.500000000250036103E-01  2.476098120325994269E-11  2.500000000002426392E-01
  2.299905258043885237E+00  9.999999999999984457E-01  2.236681986097893938E-11  0.000000000000000000E+00  0.000000000000000000E+00  2.500000000250036658E-01  2.475952489812653356E-11  2.500000000002440825E-01
  2.313880496622490845E+00  9.999999999999983347E-01  2.236681986104676819E-11  0.000000000000000000E+00  0.000000000000000000E+00  2.500000000250036658E-01  2.475806867612470167E-11  2.500000000002455813E-01
  2.327855736978352574E+00  9.999999999999978906E-01  2.236681985846356392E-11  0.000000000000000000E+00  0.000000000000000000E+00  2.500000000250036658E-01  2.475661252757135769E-11  2.500000000002469691E-01
  2.341830975568038653E+00  9.999999999999982236E-01  2.236681985553512806E-11  0.000000000000000000E+00  0.000000000000000000E+00  2.500000000250036103E-01  2.475515645045682754E-11  2.500000000002484679E-01
  2.355806215934880044E+00  9.999999999999983347E-01  2.236681985633319256E-11  0.000000000000000000E+00  0.000000000000000000E+00  2.500000000250036103E-01  2.475370045032296282E-11  2.500000000002499112E-01
  2.369781454535498266E+00  9.999999999999983347E-01  2.236681985776699707E-11  0.000000000000000000E+00  0.000000000000000000E+00  2.500000000250036658E-01  2.475224453828309341E-11  2.500000000002513545E-01
  2.383756694913085283E+00  9.999999999999982236E-01  2.236681985751885258E-11  0.000000000000000000E+00  0.000000000000000000E+00  2.500000000250036103E-01  2.475078872357992543E-11  2.500000000002527978E-01
  2.397731933524420267E+00  9.999999999999983347E-01  2.236681985561465049E-11  0.000000000000000000E+00  0.000000000000000000E+00  2.500000000250035548E-01  2.474933300955777273E-11  2.500000000002542966E-01
  2.411707173912766233E+00  9.999999999999984457E-01  2.236681985682346833E-11  0.000000000000000000E+00  0.000000000000000000E+00  2.500000000250035548E-01  2.474787738968090679E-11  2.500000000002556844E-01
  2.425682412535065779E+00  9.999999999999984457E-01  2.236681985436717166E-11  0.000000000000000000E+00  0.000000000000000000E+00  2.500000000250036103E-01  2.474642185400276186E-11  2.500000000002571277E-01
  2.439657652934477561E+00  9.999999999999981126E-01  2.236681985436661589E-11  0.000000000000000000E+00  0.000000000000000000E+00  2.500000000250035548E-01  2.474496639212332859E-11  2.500000000002585709E-01
  2.453632891568007235E+00  9.999999999999981126E-01  2.236681985519471093E-11  0.000000000000000000E+00  0.000000000000000000E+00  2.500000000250035548E-01  2.474351100151063942E-11  2.500000000002600697E-01
  2.467608131978463515E+00  9.999999999999978906E-01  2.236681985832885303E-11  0.000000000000000000E+00  0.000000000000000000E+00  2.500000000250035548E-01  2.474205568790578018E-11  2.500000000002615130E-01
  2.481583370622927553E+00  9.999999999999980016E-01  2.236681985759949945E-11  0.000000000000000000E+00  0.000000000000000000E+00  2.500000000250035548E-01  2.474060046246505857E-11  2.500000000002630118E-01
  2.495558611044042419E+00  9.999999999999981126E-01  2.236681985666024556E-11  0.000000000000000000E+00  0.000000000000000000E+00  2.500000000250034993E-01  2.473914533473359924E-11  2.500000000002643441E-01
  2.509533849699064234E+00  9.999999999999980016E-01  2.236681985563022475E-11  0.000000000000000000E+00  0.000000000000000000E+00  2.500000000250034438E-01  2.473769030802895869E-11  2.500000000002658429E-01
  2.523509090130747978E+00  9.999999999999977796E-01  2.236681985522241179E-11  0.000000000000000000E+00  0.000000000000000000E+00  2.500000000250034993E-01  2.473623537508876902E-11  2.500000000002672862E-01
  2.537484328796520305E+00  9.999999999999975575E-01  2.236681985483541404E-11  0.000000000000000000E+00  0.000000000000000000E+00  2.500000000250034993E-01  2.473478052501246026E-11  2.500000000002686740E-01
  2.551459569239093117E+00  9.999999999999972244E-01  2.236681985415325823E-11  0.000000000000000000E+00  0.000000000000000000E+00  2.500000000250034993E-01  2.473332574667425609E-11  2.500000000002701728E-01
  2.565434807915950355E+00  9.999999999999968914E-01  2.236681985290602819E-11  0.000000000000000000E+00  0.000000000000000000E+00  2.500000000250034438E-01  2.473187103742251594E-11  2.500000000002716161E-01
  2.579410048369509045E+00  9.999999999999970024E-01  2.236681985240212656E-11  0.000000000000000000E+00  0.000000000000000000E+00  2.500000000250034993E-01  2.473041640356845665E-11  2.500000000002731149E-01
  2.593385287057300204E+00  9.999999999999968914E-01  2.236681985202453477E-11  0.000000000000000000E+00  0.000000000000000000E+00  2.500000000250035548E-01  2.472896185765269530E-11  2.500000000002746137E-01
  2.607360527521593863E+00  9.999999999999968914E-01  2.236681985263808953E-11  0.000000000000000000E+00  0.000000000000000000E+00  2.500000000250035548E-01  2.472750741049666068E-11  2.500000000002760570E-01
  2.621335766220081798E+00  9.999999999999964473E-01  2.236681985298799662E-11  0.000000000000000000E+00  0.000000000000000000E+00  2.500000000250035548E-01  2.472605306622530219E-11  2.500000000002773892E-01
  2.635311006695114866E+00  9.999999999999964473E-01  2.236681985077401217E-11  0.000000000000000000E+00  0.000000000000000000E+00  2.500000000250034993E-01  2.472459881782888775E-11  2.500000000002788880E-01
  2.649286245404553597E+00  9.999999999999964473E-01  2.236681985147844047E-11  0.000000000000000000E+00  0.000000000000000000E+00  2.500000000250034993E-01  2.472314465375254430E-11  2.500000000002803313E-01
  2.663261485890649816E+00  9.999999999999965583E-01  2.236681985373877612E-11  0.000000000000000000E+00  0.000000000000000000E+00  2.500000000250034993E-01  2.472169056214492239E-11  2.500000000002817746E-01
  2.677236724611324448E+00  9.999999999999964473E-01  2.236681985400358700E-11  0.000000000000000000E+00  0.000000000000000000E+00  2.500000000250035548E-01  2.472023653968136667E-11  2.500000000002832734E-01
  2.691211965108474935E+00  9.999999999999968914E-01  2.236681985571204778E-11  0.000000000000000000E+00  0.000000000000000000E+00  2.500000000250035548E-01  2.471878259264068203E-11  2.500000000002847167E-01
  2.705187203840083487E+00  9.999999999999965583E-01  2.236681985647958738E-11  0.000000000000000000E+00  0.000000000000000000E+00  2.500000000250035548E-01  2.471732873351537338E-11  2.500000000002862155E-01
  2.719162444347880569E+00  9.999999999999966693E-01  2.236681985815744570E-11  0.000000000000000000E+00  0.000000000000000000E+00  2.500000000250034993E-01  2.471587497333367437E-11  2.500000000002877143E-01
  2.733137683090030023E+00  9.999999999999968914E-01  2.236681985869673515E-11  0.000000000000000000E+00  0.000000000000000000E+00  2.500000000250035548E-01  2.471442131605600944E-11  2.500000000002891021E-01
  2.747112923608378665E+00  9.999999999999965583E-01  2.236681985887958730E-11  0.000000000000000000E+00  0.000000000000000000E+00  2.500000000250035548E-01  2.471296775380524425E-11  2.500000000002905454E-01
  2.761088162361263976E+00  9.999999999999964473E-01  2.236681985921233040E-11  0.000000000000000000E+00  0.000000000000000000E+00  2.500000000250036103E-01  2.471151427402376252E-11  2.500000000002919887E-01
  2.775063402890500353E+00  9.999999999999964473E-01  2.236681985939810676E-11  0.000000000000000000E+00  0.000000000000000000E+00  2.500000000250034993E-01  2.471006086408899812E-11  2.500000000002934319E-01
  2.789038641654476791E+00  9.999999999999964473E-01  2.236681985955953300E-11  0.000000000000000000E+00  0.000000000000000000E+00  2.500000000250034993E-01  2.470860752101535573E-11  2.500000000002949307E-01
  2.803013882194703932E+00  9.999999999999967804E-01  2.236681985905199630E-11  0.000000000000000000E+00  0.000000000000000000E+00  2.500000000250035548E-01  2.470715425173998878E-11  2.500000000002964295E-01
  2.816989120969614735E+00  9.999999999999963363E-01  2.236681985988601731E-11  0.000000000000000000E+00  0.000000000000000000E+00  2.500000000250035548E-01  2.470570107035376068E-11  2.500000000002978173E-01
  2.830964361520567518E+00  9.999999999999962252E-01  2.236681986060593263E-11  0.000000000000000000E+00  0.000000000000000000E+00  2.500000000250034993E-01  2.470424798936372307E-11  2.500000000002992606E-01
  2.844939600306156002E+00  9.999999999999962252E-01  2.236681985838282011E-11  0.000000000000000000E+00  0.000000000000000000E+00  2.500000000250034438E-01  2.470279501368147086E-11  2.500000000003007039E-01
  2.858914840867829987E+00  9.999999999999964473E-01  2.236681985892058444E-11  0.000000000000000000E+00  0.000000000000000000E+00  2.500000000250034993E-01  2.470134213541843458E-11  2.500000000003021472E-01
  2.872890079664355945E+00  9.999999999999960032E-01  2.236681985885010607E-11  0.000000000000000000E+00  0.000000000000000000E+00  2.500000000250035548E-01  2.469988934162716648E-11  2.500000000003036460E-01
  2.886865320237091304E+00  9.999999999999960032E-01  2.236681985971494602E-11  0.000000000000000000E+00  0.000000000000000000E+00  2.500000000250035548E-01  2.469843661871873050E-11  2.500000000003051448E-01
  2.900840559044858491E+00  9.999999999999956701E-01  2.236681986002214668E-11  0.000000000000000000E+00  0.000000000000000000E+00  2.500000000250035548E-01  2.469698396264639432E-11  2.500000000003065326E-01
  2.914815799628653892E+00  9.999999999999960032E-01  2.236681986206068160E-11  0.000000000000000000E+00  0.000000000000000000E+00  2.500000000250034993E-01  2.469553138035643620E-11  2.500000000003079759E-01
  2.928791038447356776E+00  9.999999999999960032E-01  2.236681986186754785E-11  0.000000000000000000E+00  0.000000000000000000E+00  2.500000000250035548E-01  2.469407888595190431E-11  2.500000000003094747E-01
  2.942766279041790778E+00  9.999999999999962252E-01  2.236681986233957717E-11  0.000000000000000000E+00  0.000000000000000000E+00  2.500000000250035548E-01  2.469262649207383740E-11  2.500000000003108624E-01
  2.956741517871015024E+00  9.999999999999960032E-01  2.236681986057243181E-11  0.000000000000000000E+00  0.000000000000000000E+00  2.500000000250036103E-01  2.469117420319289141E-11  2.500000000003124168E-01
  2.970716758475977937E+00  9.999999999999961142E-01  2.236681985939035840E-11  0.000000000000000000E+00  0.000000000000000000E+00  2.500000000250036103E-01  2.468972201076122423E-11  2.500000000003139156E-01
  2.984691997315922052E+00  9.999999999999958922E-01  2.236681985846268181E-11  0.000000000000000000E+00  0.000000000000000000E+00  2.500000000250036658E-01  2.468826990102605991E-11  2.500000000003154144E-01
  2.998667237931770480E+00  9.999999999999956701E-01  2.236681985898749237E-11  0.000000000000000000E+00  0.000000000000000000E+00  2.500000000250037213E-01  2.468681785938726644E-11  2.500000000003168577E-01
  3.012642476782814160E+00  9.999999999999960032E-01  2.236681985845287843E-11  0.000000000000000000E+00  0.000000000000000000E+00  2.500000000250036658E-01  2.468536588175693338E-11  2.500000000003183009E-01
  3.026617717409661790E+00  9.999999999999957812E-01  2.236681985783166579E-11  0.000000000000000000E+00  0.000000000000000000E+00  2.500000000250037213E-01  2.468391397613903483E-11  2.500000000003198553E-01
  3.040592956271642500E+00  9.999999999999955591E-01  2.236681985926206786E-11  0.000000000000000000E+00  0.000000000000000000E+00  2.500000000250036658E-01  2.468246215815582984E-11  2.500000000003212430E-01
  3.054568196909205557E+00  9.999999999999958922E-01  2.236681985942414679E-11  0.000000000000000000E+00  0.000000000000000000E+00  2.500000000250037768E-01  2.468101044221335380E-11  2.500000000003227418E-01
  3.068543435781843964E+00  9.999999999999958922E-01  2.236681985959215493E-11  0.000000000000000000E+00  0.000000000000000000E+00  2.500000000250037213E-01  2.467955883403924115E-11  2.500000000003241851E-01
  3.082518676430108240E+00  9.999999999999954481E-01  2.236681985895561683E-11  0.000000000000000000E+00  0.000000000000000000E+00  2.500000000250036658E-01  2.467810732514026307E-11  2.500000000003256839E-01
  3.096493915313667689E+00  9.999999999999952260E-01  2.236681985815354244E-11  0.000000000000000000E+00  0.000000000000000000E+00  2.500000000250037768E-01  2.467665590093657287E-11  2.500000000003271272E-01
  3.110469155972990674E+00  9.999999999999951150E-01  2.236681985894077928E-11  0.000000000000000000E+00  0.000000000000000000E+00  2.500000000250037213E-01  2.467520454596625850E-11  2.500000000003285150E-01
  3.124444394867799346E+00  9.999999999999953371E-01  2.236681986078590903E-11  0.000000000000000000E+00  0.000000000000000000E+00  2.500000000250038323E-01  2.467375325527618185E-11  2.500000000003300693E-01
  3.138419635538190366E+00  9.999999999999951150E-01  2.236681986145597380E-11  0.000000000000000000E+00  0.000000000000000000E+00  2.500000000250037768E-01  2.467230203620433644E-11  2.500000000003315126E-01
  3.152394874443936068E+00  9.999999999999951150E-01  2.236681986243461570E-11  0.000000000000000000E+00  0.000000000000000000E+00  2.500000000250037768E-01  2.467085090437258067E-11  2.500000000003329559E-01
  3.166370115124951923E+00  9.999999999999951150E-01  2.236681986124850979E-11  0.000000000000000000E+00  0.000000000000000000E+00  2.500000000250037768E-01  2.466939987432222627E-11  2.500000000003343992E-01
  3.180345354041195893E+00  9.999999999999951150E-01  2.236681986005977047E-11  0.000000000000000000E+00  0.000000000000000000E+00  2.500000000250037768E-01  2.466794895145630066E-11  2.500000000003357870E-01
  3.194320594732725116E+00  9.999999999999953371E-01  2.236681986093019389E-11  0.000000000000000000E+00  0.000000000000000000E+00  2.500000000250037768E-01  2.466649812685335399E-11  2.500000000003372302E-01
  3.208295833659676521E+00  9.999999999999956701E-01  2.236681986192565406E-11  0.000000000000000000E+00  0.000000000000000000E+00  2.500000000250037768E-01  2.466504738498313164E-11  2.500000000003387290E-01
  3.222271074362086818E+00  9.999999999999957812E-01  2.236681986252066511E-11  0.000000000000000000E+00  0.000000000000000000E+00  2.500000000250037213E-01  2.466359670950734956E-11  2.500000000003401723E-01
  3.236246313300144006E+00  9.999999999999958922E-01  2.236681986277498437E-11  0.000000000000000000E+00  0.000000000000000000E+00  2.500000000250037213E-01  2.466214609554369698E-11  2.500000000003415601E-01
  3.250221554013560610E+00  9.999999999999958922E-01  2.236681986341742582E-11  0.000000000000000000E+00  0.000000000000000000E+00  2.500000000250037768E-01  2.466069555163927283E-11  2.500000000003430589E-01
  3.264196792962556604E+00  9.999999999999961142E-01  2.236681986464663237E-11  0.000000000000000000E+00  0.000000000000000000E+00  2.500000000250037768E-01  2.465924509524964307E-11  2.500000000003445577E-01
  3.278172033686679754E+00  9.999999999999962252E-01  2.236681986319565741E-11  0.000000000000000000E+00  0.000000000000000000E+00  2.500000000250038323E-01  2.465779474257461654E-11  2.500000000003460010E-01
  3.292147272646311240E+00  9.999999999999962252E-01  2.236681986263857065E-11  0.000000000000000000E+00  0.000000000000000000E+00  2.500000000250038323E-01  2.465634450020377249E-11  2.500000000003474998E-01
  3.306122513381114736E+00  9.999999999999963363E-01  2.236681986034414612E-11  0.000000000000000000E+00  0.000000000000000000E+00  2.500000000250037768E-01  2.465489435919216720E-11  2.500000000003488876E-01
  3.320097752351653497E+00  9.999999999999963363E-01  2.236681986181147728E-11  0.000000000000000000E+00  0.000000000000000000E+00  2.500000000250037768E-01  2.465344430321877754E-11  2.500000000003503309E-01
  3.334072993097513038E+00  9.999999999999958922E-01  2.236681986074361942E-11  0.000000000000000000E+00  0.000000000000000000E+00  2.500000000250036658E-01  2.465199431478897266E-11  2.500000000003517187E-01
  3.348048232079308573E+00  9.999999999999957812E-01  2.236681985727648866E-11  0.000000000000000000E+00  0.000000000000000000E+00  2.500000000250037213E-01  2.465054438794553673E-11  2.500000000003532175E-01
  3.362023472836244142E+00  9.999999999999958922E-01  2.236681985859228744E-11  0.000000000000000000E+00  0.000000000000000000E+00  2.500000000250037213E-01  2.464909453067544787E-11  2.500000000003546607E-01
  3.375998711828980703E+00  9.999999999999960032E-01  2.236681985802964630E-11  0.000000000000000000E+00  0.000000000000000000E+00  2.500000000250037213E-01  2.464764476024875738E-11  2.500000000003561040E-01
  3.389973952596533113E+00  9.999999999999955591E-01  2.236681985754858261E-11  0.000000000000000000E+00  0.000000000000000000E+00  2.500000000250036658E-01  2.464619509306871532E-11  2.500000000003574918E-01
  3.403949191599744850E+00  9.999999999999956701E-01  2.236681985769777885E-11  0.000000000000000000E+00  0.000000000000000000E+00  2.500000000250036658E-01  2.464474553565284897E-11  2.500000000003589351E-01
  3.417924432377787092E+00  9.999999999999955591E-01  2.236681985877001818E-11  0.000000000000000000E+00  0.000000000000000000E+00  2.500000000250036658E-01  2.464329607831666990E-11  2.500000000003603784E-01
  3.431899671391690276E+00  9.999999999999955591E-01  2.236681985889110321E-11  0.000000000000000000E+00  0.000000000000000000E+00  2.500000000250036658E-01  2.464184670386450843E-11  2.500000000003618772E-01
  3.445874912180614036E+00  9.999999999999955591E-01  2.236681986016894216E-11  0.000000000000000000E+00  0.000000000000000000E+00  2.500000000250036658E-01  2.464039739384727067E-11  2.500000000003632650E-01
  3.459850151205631885E+00  9.999999999999954481E-01  2.236681986134589738E-11  0.000000000000000000E+00  0.000000000000000000E+00  2.500000000250036658E-01  2.463894814252922488E-11  2.500000000003647083E-01
  3.473825392005569057E+00  9.999999999999953371E-01  2.236681986097090345E-11  0.000000000000000000E+00  0.000000000000000000E+00  2.500000000250037213E-01  2.463749895915570413E-11  2.500000000003662071E-01
  3.487800631041528820E+00  9.999999999999951150E-01  2.236681986098812238E-11  0.000000000000000000E+00  0.000000000000000000E+00  2.500000000250037213E-01  2.463604986276142032E-11  2.500000000003677059E-01
  3.501775871852164101E+00  9.999999999999950040E-01  2.236681986222090261E-11  0.000000000000000000E+00  0.000000000000000000E+00  2.500000000250036658E-01  2.463460087166144792E-11  2.500000000003690381E-01
  3.515751110898736265E+00  9.999999999999951150E-01  2.236681986129050859E-11  0.000000000000000000E+00  0.000000000000000000E+00  2.500000000250037213E-01  2.463315199362498066E-11  2.500000000003705924E-01
  3.529726351720030131E+00  9.999999999999951150E-01  2.236681986083874843E-11  0.000000000000000000E+00  0.000000000000000000E+00  2.500000000250036658E-01  2.463170321908347434E-11  2.500000000003719802E-01
  3.543701590777492250E+00  9.999999999999951150E-01  2.236681985993962572E-11  0.000000000000000000E+00  0.000000000000000000E+00  2.500000000250036103E-01  2.463025452992263965E-11  2.500000000003734235E-01
  3.557676831609838164E+00  9.999999999999951150E-01  2.236681985856531683E-11  0.000000000000000000E+00  0.000000000000000000E+00  2.500000000250036658E-01  2.462880590652006902E-11  2.500000000003748668E-01
  3.571652070678565938E+00  9.999999999999952260E-01  2.236681985824362758E-11  0.000000000000000000E+00  0.000000000000000000E+00  2.500000000250037213E-01  2.462735734176585429E-11  2.500000000003763656E-01
  3.585627311521997207E+00  9.999999999999952260E-01  2.236681985758071341E-11  0.000000000000000000E+00  0.000000000000000000E+00  2.500000000250037213E-01  2.462590884426386613E-11  2.500000000003778089E-01
  3.599602550601670448E+00  9.999999999999955591E-01  2.236681985551876217E-11  0.000000000000000000E+00  0.000000000000000000E+00  2.500000000250036658E-01  2.462446043323379794E-11  2.500000000003792522E-01
  3.613577791455710564E+00  9.999999999999954481E-01  2.236681985373217806E-11  0.000000000000000000E+00  0.000000000000000000E+00  2.500000000250037213E-01  2.462301212721150708E-11  2.500000000003806400E-01
  3.627553030545837220E+00  9.999999999999955591E-01  2.236681985260014908E-11  0.000000000000000000E+00  0.000000000000000000E+00  2.500000000250037213E-01  2.462156393390706972E-11  2.500000000003821388E-01
  3.641528271410344075E+00  9.999999999999956701E-01  2.236681985475565897E-11  0.000000000000000000E+00  0.000000000000000000E+00  2.500000000250036658E-01  2.462011584294626129E-11  2.500000000003835821E-01
  3.655503510511145304E+00  9.999999999999957812E-01  2.236681985445284301E-11  0.000000000000000000E+00  0.000000000000000000E+00  2.500000000250036658E-01  2.461866783517864859E-11  2.500000000003850253E-01
  3.669478751386528792E+00  9.999999999999955591E-01  2.236681985436253815E-11  0.000000000000000000E+00  0.000000000000000000E+00  2.500000000250036658E-01  2.461721989006623852E-11  2.500000000003864686E-01
  3.683453990498453123E+00  9.999999999999955591E-01  2.236681985363791824E-11  0.000000000000000000E+00  0.000000000000000000E+00  2.500000000250036658E-01  2.461577200051438373E-11  2.500000000003879674E-01
  3.697429231384862014E+00  9.999999999999955591E-01  2.236681985323095508E-11  0.000000000000000000E+00  0.000000000000000000E+00  2.500000000250037213E-01  2.461432417620868744E-11  2.500000000003894107E-01
  3.711404470507730924E+00  9.999999999999953371E-01  2.236681985432497575E-11  0.000000000000000000E+00  0.000000000000000000E+00  2.500000000250037213E-01  2.461287643828649972E-11  2.500000000003908540E-01
  3.725379711404825933E+00  9.999999999999953371E-01  2.236681985377975064E-11  0.000000000000000000E+00  0.000000000000000000E+00  2.500000000250037213E-01  2.461142880743247023E-11  2.500000000003922973E-01
  3.739354950538287259E+00  9.999999999999951150E-01  2.236681985430642881E-11  0.000000000000000000E+00  0.000000000000000000E+00  2.500000000250036658E-01  2.460998129272600801E-11  2.500000000003937406E-01
  3.753330191446019537E+00  9.999999999999948930E-01  2.236681985521193309E-11  0.000000000000000000E+00  0.000000000000000000E+00  2.500000000250036658E-01  2.460853388400570008E-11  2.500000000003951839E-01
  3.767305430590353499E+00  9.999999999999951150E-01  2.236681985529144583E-11  0.000000000000000000E+00  0.000000000000000000E+00  2.500000000250037213E-01  2.460708656122771619E-11  2.500000000003966272E-01
  3.781280671509136937E+00  9.999999999999947820E-01  2.236681985664970547E-11  0.000000000000000000E+00  0.000000000000000000E+00  2.500000000250036658E-01  2.460563930244967211E-11  2.500000000003980150E-01
  3.795255910664744103E+00  9.999999999999948930E-01  2.236681985637041246E-11  0.000000000000000000E+00  0.000000000000000000E+00  2.500000000250036658E-01  2.460419209937515632E-11  2.500000000003994582E-01
  3.809231151594620890E+00  9.999999999999948930E-01  2.236681985838977036E-11  0.000000000000000000E+00  0.000000000000000000E+00  2.500000000250036658E-01  2.460274496099416805E-11  2.500000000004008460E-01
  3.823206390761176632E+00  9.999999999999947820E-01  2.236681985777215079E-11  0.000000000000000000E+00  0.000000000000000000E+00  2.500000000250036103E-01  2.460129790816791478E-11  2.500000000004023448E-01
  3.837181631701652940E+00  9.999999999999947820E-01  2.236681985979705662E-11  0.000000000000000000E+00  0.000000000000000000E+00  2.500000000250035548E-01  2.459985096185164730E-11  2.500000000004037326E-01
  3.851156870878641669E+00  9.999999999999946709E-01  2.236681986206154755E-11  0.000000000000000000E+00  0.000000000000000000E+00  2.500000000250036103E-01  2.459840413097428596E-11  2.500000000004052314E-01
  3.865132111829562511E+00  9.999999999999948930E-01  2.236681986303763037E-11  0.000000000000000000E+00  0.000000000000000000E+00  2.500000000250036103E-01  2.459695740466663227E-11  2.500000000004066192E-01
  3.879107351017207161E+00  9.999999999999944489E-01  2.236681986136447017E-11  0.000000000000000000E+00  0.000000000000000000E+00  2.500000000250036103E-01  2.459551076216554813E-11  2.500000000004081180E-01
  3.893082591979004192E+00  9.999999999999946709E-01  2.236681986109182046E-11  0.000000000000000000E+00  0.000000000000000000E+00  2.500000000250036103E-01  2.459406418050785027E-11  2.500000000004095613E-01
  3.907057831177779939E+00  9.999999999999942268E-01  2.236681986215460537E-11  0.000000000000000000E+00  0.000000000000000000E+00  2.500000000250036103E-01  2.459261765127101444E-11  2.500000000004110046E-01
  3.921033072150609922E+00  9.999999999999941158E-01  2.236681985997150448E-11  0.000000000000000000E+00  0.000000000000000000E+00  2.500000000250036658E-01  2.459117118469739131E-11  2.500000000004124479E-01
  3.935008311360336020E+00  9.999999999999940048E-01  2.236681986014516071E-11  0.000000000000000000E+00  0.000000000000000000E+00  2.500000000250036103E-01  2.458972480372224682E-11  2.500000000004138911E-01
  3.948983552343842796E+00  9.999999999999937828E-01  2.236681986372370560E-11  0.000000000000000000E+00  0.000000000000000000E+00  2.500000000250034993E-01  2.458827853146195097E-11  2.500000000004152234E-01
  3.962958791564138661E+00  9.999999999999938938E-01  2.236681986314983290E-11  0.000000000000000000E+00  0.000000000000000000E+00  2.500000000250035548E-01  2.458683237826270115E-11  2.500000000004166667E-01
  3.976934032558263166E+00  9.999999999999936717E-01  2.236681986224782152E-11  0.000000000000000000E+00  0.000000000000000000E+00  2.500000000250035548E-01  2.458538633367321896E-11  2.500000000004181100E-01
  3.990909271789413015E+00  9.999999999999937828E-01  2.236681986447678246E-11  0.000000000000000000E+00  0.000000000000000000E+00  2.500000000250035548E-01  2.458394037588359830E-11  2.500000000004196088E-01
  4.004884512794583351E+00  9.999999999999940048E-01  2.236681986389149725E-11  0.000000000000000000E+00  0.000000000000000000E+00  2.500000000250035548E-01  2.458249448048699955E-11  2.500000000004210521E-01
  4.018859752037021948E+00  9.999999999999937828E-01  2.236681986379774150E-11  0.000000000000000000E+00  0.000000000000000000E+00  2.500000000250034993E-01  2.458104863769625403E-11  2.500000000004224399E-01
  4.032834993053294959E+00  9.999999999999938938E-01  2.236681986232440681E-11  0.000000000000000000E+00  0.000000000000000000E+00  2.500000000250035548E-01  2.457960285705060242E-11  2.500000000004239387E-01
  4.046810232306680355E+00  9.999999999999940048E-01  2.236681986080533808E-11  0.000000000000000000E+00  0.000000000000000000E+00  2.500000000250035548E-01  2.457815716123169900E-11  2.500000000004253820E-01
  4.060785473333540452E+00  9.999999999999938938E-01  2.236681986256377543E-11  0.000000000000000000E+00  0.000000000000000000E+00  2.500000000250035548E-01  2.457671157350685811E-11  2.500000000004268808E-01
  4.074760712597337964E+00  9.999999999999940048E-01  2.236681986309210151E-11  0.000000000000000000E+00  0.000000000000000000E+00  2.500000000250034993E-01  2.457526610419778805E-11  2.500000000004282685E-01
  4.088735953634626163E+00  9.999999999999938938E-01  2.236681986113774191E-11  0.000000000000000000E+00  0.000000000000000000E+00  2.500000000250034993E-01  2.457382074196916437E-11  2.500000000004296563E-01
  4.102711192909060500E+00  9.999999999999936717E-01  2.236681986241292160E-11  0.000000000000000000E+00  0.000000000000000000E+00  2.500000000250035548E-01  2.457237546382843566E-11  2.500000000004312106E-01
  4.116686433957217339E+00  9.999999999999935607E-01  2.236681986171465838E-11  0.000000000000000000E+00  0.000000000000000000E+00  2.500000000250035548E-01  2.457093024432840820E-11  2.500000000004325984E-01
  4.130661673242795651E+00  9.999999999999940048E-01  2.236681986206525048E-11  0.000000000000000000E+00  0.000000000000000000E+00  2.500000000250036103E-01  2.456948507378772777E-11  2.500000000004340417E-01
  4.144636914301998765E+00  9.999999999999937828E-01  2.236681986219283340E-11  0.000000000000000000E+00  0.000000000000000000E+00  2.500000000250034438E-01  2.456803996310082511E-11  2.500000000004354295E-01
  4.158612153598531869E+00  9.999999999999936717E-01  2.236681986125654249E-11  0.000000000000000000E+00  0.000000000000000000E+00  2.500000000250034438E-01  2.456659493726640696E-11  2.500000000004368728E-01
  4.172587394668402894E+00  9.999999999999938938E-01  2.236681986010479042E-11  0.000000000000000000E+00  0.000000000000000000E+00  2.500000000250034438E-01  2.456515002197107766E-11  2.500000000004383161E-01
  4.186562633975483116E+00  9.999999999999938938E-01  2.236681986006239095E-11  0.000000000000000000E+00  0.000000000000000000E+00  2.500000000250035548E-01  2.456370522939948875E-11  2.500000000004398149E-01
  4.200537875055950110E+00  9.999999999999937828E-01  2.236681985973033933E-11  0.000000000000000000E+00  0.000000000000000000E+00  2.500000000250035548E-01  2.456226054847939799E-11  2.500000000004412581E-01
  4.214513114373864333E+00  9.999999999999942268E-01  2.236681986053913456E-11  0.000000000000000000E+00  0.000000000000000000E+00  2.500000000250035548E-01  2.456081595533259555E-11  2.500000000004427569E-01
  4.228488355465373161E+00  9.999999999999942268E-01  2.236681986144780862E-11  0.000000000000000000E+00  0.000000000000000000E+00  2.500000000250035548E-01  2.455937142294014115E-11  2.500000000004441447E-01
  4.242463594794582349E+00  9.999999999999938938E-01  2.236681986421878612E-11  0.000000000000000000E+00  0.000000000000000000E+00  2.500000000250035548E-01  2.455792693976312698E-11  2.500000000004455880E-01
  4.256438835897208506E+00  9.999999999999938938E-01  2.236681986257094218E-11  0.000000000000000000E+00  0.000000000000000000E+00  2.500000000250034993E-01  2.455648251544255309E-11  2.500000000004470313E-01
  4.270414075237376039E+00  9.999999999999935607E-01  2.236681986302918408E-11  0.000000000000000000E+00  0.000000000000000000E+00  2.500000000250034993E-01  2.455503817457386275E-11  2.500000000004484746E-01
  4.284389316350579513E+00  9.999999999999935607E-01  2.236681986195461507E-11  0.000000000000000000E+00  0.000000000000000000E+00  2.500000000250034993E-01  2.455359394320163241E-11  2.500000000004499179E-01
  4.298364555701136069E+00  9.999999999999935607E-01  2.236681986204848715E-11  0.000000000000000000E+00  0.000000000000000000E+00  2.500000000250033327E-01  2.455214983319928368E-11  2.500000000004511946E-01
  4.312339796824740112E+00  9.999999999999936717E-01  2.236681986075220465E-11  0.000000000000000000E+00  0.000000000000000000E+00  2.500000000250033327E-01  2.455070583298353824E-11  2.500000000004526379E-01
  4.326315036185912177E+00  9.999999999999933387E-01  2.236681986227040420E-11  0.000000000000000000E+00  0.000000000000000000E+00  2.500000000250033882E-01  2.454926191754183087E-11  2.500000000004541367E-01
  4.340290277320383083E+00  9.999999999999933387E-01  2.236681986185912418E-11  0.000000000000000000E+00  0.000000000000000000E+00  2.500000000250034438E-01  2.454781805900596849E-11  2.500000000004555245E-01
  4.354265516692709781E+00  9.999999999999931166E-01  2.236681986102671230E-11  0.000000000000000000E+00  0.000000000000000000E+00  2.500000000250034438E-01  2.454637424595493592E-11  2.500000000004570233E-01
  4.368240757838238508E+00  9.999999999999927836E-01  2.236681986237217972E-11  0.000000000000000000E+00  0.000000000000000000E+00  2.500000000250033882E-01  2.454493048974700542E-11  2.500000000004584111E-01
  4.382215997221527992E+00  9.999999999999930056E-01  2.236681986262098337E-11  0.000000000000000000E+00  0.000000000000000000E+00  2.500000000250033327E-01  2.454348681761661074E-11  2.500000000004598544E-01
  4.396191238377717525E+00  9.999999999999931166E-01  2.236681986253112765E-11  0.000000000000000000E+00  0.000000000000000000E+00  2.500000000250033327E-01  2.454204325807624754E-11  2.500000000004613532E-01
  4.410166477771529259E+00  9.999999999999930056E-01  2.236681986328941962E-11  0.000000000000000000E+00  0.000000000000000000E+00  2.500000000250033882E-01  2.454059982481142197E-11  2.500000000004628520E-01
  4.424141718938282786E+00  9.999999999999925615E-01  2.236681986447418460E-11  0.000000000000000000E+00  0.000000000000000000E+00  2.500000000250033327E-01  2.453915650634526796E-11  2.500000000004641842E-01
  4.438116958342906315E+00  9.999999999999927836E-01  2.236681986322076363E-11  0.000000000000000000E+00  0.000000000000000000E+00  2.500000000250033327E-01  2.453771327670262763E-11  2.500000000004657386E-01
  4.452092199520703453E+00  9.999999999999927836E-01  2.236681986529470899E-11  0.000000000000000000E+00  0.000000000000000000E+00  2.500000000250033327E-01  2.453627010581744702E-11  2.500000000004671263E-01
  4.466067438936635270E+00  9.999999999999925615E-01  2.236681986496079298E-11  0.000000000000000000E+00  0.000000000000000000E+00  2.500000000250033882E-01  2.453482698048500581E-11  2.500000000004685141E-01
  4.480042680125560395E+00  9.999999999999926725E-01  2.236681986428926127E-11  0.000000000000000000E+00  0.000000000000000000E+00  2.500000000250033327E-01  2.453338391086376047E-11  2.500000000004699574E-01
  4.494017919552457663E+00  9.999999999999926725E-01  2.236681986294133168E-11  0.000000000000000000E+00  0.000000000000000000E+00  2.500000000250033327E-01  2.453194092359349236E-11  2.500000000004713452E-01
  4.507993160751953887E+00  9.999999999999924505E-01  2.236681986407700220E-11  0.000000000000000000E+00  0.000000000000000000E+00  2.500000000250033327E-01  2.453049804743508399E-11  2.500000000004728440E-01
  4.521968400189218862E+00  9.999999999999924505E-01  2.236681986477118768E-11  0.000000000000000000E+00  0.000000000000000000E+00  2.500000000250032772E-01  2.452905529610751321E-11  2.500000000004742873E-01
  4.535943641399091675E+00  9.999999999999924505E-01  2.236681986342414020E-11  0.000000000000000000E+00  0.000000000000000000E+00  2.500000000250032772E-01  2.452761265740844752E-11  2.500000000004757306E-01
  4.549918880846952618E+00  9.999999999999920064E-01  2.236681986254536420E-11  0.000000000000000000E+00  0.000000000000000000E+00  2.500000000250033327E-01  2.452617010440921592E-11  2.500000000004771739E-01
  4.563894122067687853E+00  9.999999999999918954E-01  2.236681986221599122E-11  0.000000000000000000E+00  0.000000000000000000E+00  2.500000000250032772E-01  2.452472760616058440E-11  2.500000000004785061E-01
  4.577869361526713199E+00  9.999999999999920064E-01  2.236681986292105283E-11  0.000000000000000000E+00  0.000000000000000000E+00  2.500000000250033327E-01  2.452328514963711109E-11  2.500000000004800604E-01
  4.591844602758521354E+00  9.999999999999917843E-01  2.236681986310068027E-11  0.000000000000000000E+00  0.000000000000000000E+00  2.500000000250032772E-01  2.452184274659575962E-11  2.500000000004814482E-01
  4.605819842228517480E+00  9.999999999999916733E-01  2.236681986299473330E-11  0.000000000000000000E+00  0.000000000000000000E+00  2.500000000250033882E-01  2.452040042642002420E-11  2.500000000004829470E-01
  4.619795083470977559E+00  9.999999999999918954E-01  2.236681986182400132E-11  0.000000000000000000E+00  0.000000000000000000E+00  2.500000000250033882E-01  2.451895822071578780E-11  2.500000000004844458E-01
  4.633770322951471954E+00  9.999999999999918954E-01  2.236681986227435269E-11  0.000000000000000000E+00  0.000000000000000000E+00  2.500000000250033882E-01  2.451751614496737067E-11  2.500000000004858891E-01
  4.647745564204474711E+00  9.999999999999920064E-01  2.236681986240843996E-11  0.000000000000000000E+00  0.000000000000000000E+00  2.500000000250033327E-01  2.451607418749601329E-11  2.500000000004872214E-01
  4.661720803695761361E+00  9.999999999999917843E-01  2.236681986245315941E-11  0.000000000000000000E+00  0.000000000000000000E+00  2.500000000250033327E-01  2.451463232010886069E-11  2.500000000004886647E-01
  4.675696044959796183E+00  9.999999999999915623E-01  2.236681986345264239E-11  0.000000000000000000E+00  0.000000000000000000E+00  2.500000000250032772E-01  2.451319050986705419E-11  2.500000000004900524E-01
  4.689671284462401779E+00  9.999999999999913403E-01  2.236681986313841716E-11  0.000000000000000000E+00  0.000000000000000000E+00  2.500000000250032772E-01  2.451174874016734376E-11  2.500000000004914957E-01
  4.703646525737581463E+00  9.999999999999914513E-01  2.236681986274814624E-11  0.000000000000000000E+00  0.000000000000000000E+00  2.500000000250031662E-01  2.451030703623695771E-11  2.500000000004928280E-01
  4.717621765251163168E+00  9.999999999999917843E-01  2.236681986319293676E-11  0.000000000000000000E+00  0.000000000000000000E+00  2.500000000250031662E-01  2.450886541394241894E-11  2.500000000004942713E-01
  4.731597006536909511E+00  9.999999999999917843E-01  2.236681986106538299E-11  0.000000000000000000E+00  0.000000000000000000E+00  2.500000000250031662E-01  2.450742388267859283E-11  2.500000000004957146E-01
  4.745572246060832278E+00  9.999999999999916733E-01  2.236681986134697660E-11  0.000000000000000000E+00  0.000000000000000000E+00  2.500000000250031107E-01  2.450598247793410936E-11  2.500000000004972134E-01
  4.759547487356924123E+00  9.999999999999917843E-01  2.236681986089283828E-11  0.000000000000000000E+00  0.000000000000000000E+00  2.500000000250031662E-01  2.450454117561504552E-11  2.500000000004986567E-01
  4.773522726891418877E+00  9.999999999999918954E-01  2.236681986002218545E-11  0.000000000000000000E+00  0.000000000000000000E+00  2.500000000250031662E-01  2.450309996127553848E-11  2.500000000005000445E-01
  4.787497968198369591E+00  9.999999999999918954E-01  2.236681985900626872E-11  0.000000000000000000E+00  0.000000000000000000E+00  2.500000000250031662E-01  2.450165882373260719E-11  2.500000000005015433E-01
  4.801473207744042071E+00  9.999999999999920064E-01  2.236681985942193667E-11  0.000000000000000000E+00  0.000000000000000000E+00  2.500000000250032217E-01  2.450021772979211728E-11  2.500000000005030421E-01
  4.815448449062080805E+00  9.999999999999918954E-01  2.236681985927746441E-11  0.000000000000000000E+00  0.000000000000000000E+00  2.500000000250032772E-01  2.449877670393075990E-11  2.500000000005044853E-01
  4.829423688618731170E+00  9.999999999999921174E-01  2.236681986047474695E-11  0.000000000000000000E+00  0.000000000000000000E+00  2.500000000250033327E-01  2.449733576278189964E-11  2.500000000005059841E-01
  4.843398929947413833E+00  9.999999999999917843E-01  2.236681986053076259E-11  0.000000000000000000E+00  0.000000000000000000E+00  2.500000000250032772E-01  2.449589491836954372E-11  2.500000000005073164E-01
  4.857374169514542039E+00  9.999999999999917843E-01  2.236681985960973898E-11  0.000000000000000000E+00  0.000000000000000000E+00  2.500000000250032772E-01  2.449445420441778435E-11  2.500000000005088152E-01
  4.871349410853738959E+00  9.999999999999915623E-01  2.236681985998301393E-11  0.000000000000000000E+00  0.000000000000000000E+00  2.500000000250033327E-01  2.449301359376191971E-11  2.500000000005102585E-01
  4.885324650431638105E+00  9.999999999999915623E-01  2.236681985880356423E-11  0.000000000000000000E+00  0.000000000000000000E+00  2.500000000250033327E-01  2.449157306986487424E-11  2.500000000005117018E-01
  4.899299891781867977E+00  9.999999999999912292E-01  2.236681985903558193E-11  0.000000000000000000E+00  0.000000000000000000E+00  2.500000000250034438E-01  2.449013261772680674E-11  2.500000000005132561E-01
  4.913275131371098503E+00  9.999999999999912292E-01  2.236681985956756246E-11  0.000000000000000000E+00  0.000000000000000000E+00  2.500000000250034438E-01  2.448869220271296378E-11  2.500000000005147549E-01
  4.927250372732487449E+00  9.999999999999911182E-01  2.236681985820940298E-11  0.000000000000000000E+00  0.000000000000000000E+00  2.500000000250034438E-01  2.448725185114657184E-11  2.500000000005161982E-01
  4.941225612332704742E+00  9.999999999999911182E-01  2.236681985835654097E-11  0.000000000000000000E+00  0.000000000000000000E+00  2.500000000250033882E-01  2.448581157958202236E-11  2.500000000005175860E-01
  4.955200853704649688E+00  9.999999999999915623E-01  2.236681985690280012E-11  0.000000000000000000E+00  0.000000000000000000E+00  2.500000000250034438E-01  2.448437140126159483E-11  2.500000000005190293E-01
  4.969176093315177845E+00  9.999999999999915623E-01  2.236681985745745057E-11  0.000000000000000000E+00  0.000000000000000000E+00  2.500000000250034993E-01  2.448293135334861103E-11  2.500000000005205281E-01
  4.983151334697439871E+00  9.999999999999914513E-01  2.236681985895319991E-11  0.000000000000000000E+00  0.000000000000000000E+00  2.500000000250034993E-01  2.448149140928812728E-11  2.500000000005220269E-01
  4.997126574318519587E+00  9.999999999999915623E-01  2.236681985875728089E-11  0.000000000000000000E+00  0.000000000000000000E+00  2.500000000250034438E-01  2.448005155417560265E-11  2.500000000005234146E-01
