  #time                     mass                      x-momentum                y-momentum                z-momentum                E_total                   E_kinetic                 E_internal               
  0.000000000000000000E+00  1.000000000000002665E+00  2.236681987811218601E-11  0.000000000000000000E+00  0.000000000000000000E+00  2.500000000250036103E-01  2.500034831448640601E-11  2.500000000000032196E-01
  7.966060623592180132E-03  1.000000000000002665E+00  2.236681987551547866E-11  0.000000000000000000E+00  0.000000000000000000E+00  2.500000000250035548E-01  2.393879380889196722E-11  2.500000000010647594E-01
  2.194130566684748124E-02  1.000000000000003109E+00  2.236681987568321215E-11  0.000000000000000000E+00  0.000000000000000000E+00  2.500000000250034993E-01  2.218419515948056696E-11  2.500000000028193559E-01
  3.591655913189854138E-02  1.000000000000002665E+00  2.236681987417228275E-11  0.000000000000000000E+00  0.000000000000000000E+00  2.500000000250034993E-01  2.055819935696969845E-11  2.500000000044452775E-01
  4.989181735276670970E-02  1.000000000000002665E+00  2.236681987415155799E-11  0.000000000000000000E+00  0.000000000000000000E+00  2.500000000250035548E-01  1.905138092635938377E-11  2.500000000059521277E-01
  6.386708337151925097E-02  1.000000000000002442E+00  2.236681987588984897E-11  0.000000000000000000E+00  0.000000000000000000E+00  2.500000000250034438E-01  1.765500448983379393E-11  2.500000000073485107E-01
  7.784235381990471658E-02  1.000000000000002442E+00  2.236681987696961694E-11  0.000000000000000000E+00  0.000000000000000000E+00  2.500000000250034993E-01  1.636097556617019017E-11  2.500000000086425311E-01
  9.181763145753485400E-02  1.000000000000002220E+00  2.236681987715485047E-11  0.000000000000000000E+00  0.000000000000000000E+00  2.500000000250034993E-01  1.516179237590735970E-11  2.500000000098417385E-01
  1.057929132506830738E-01  1.000000000000001998E+00  2.236681987811533640E-11  0.000000000000000000E+00  0.000000000000000000E+00  2.500000000250034438E-01  1.405050347749643911E-11  2.500000000109529608E-01
  1.197682016433686963E-01  1.000000000000001998E+00  2.236681987822480213E-11  0.000000000000000000E+00  0.000000000000000000E+00  2.500000000250034993E-01  1.302066648751047676E-11  2.500000000119828036E-01
  1.337434939610802620E-01  1.000000000000001554E+00  2.236681987778780196E-11  0.000000000000000000E+00  0.000000000000000000E+00  2.500000000250035548E-01  1.206631159313870022E-11  2.500000000129372624E-01
  1.477187923090571564E-01  1.000000000000001332E+00  2.236681987738929155E-11  0.000000000000000000E+00  0.000000000000000000E+00  2.500000000250036103E-01  1.118190620327912549E-11  2.500000000138216660E-01
  1.616940943894216443E-01  1.000000000000001332E+00  2.236681987826477821E-11  0.000000000000000000E+00  0.000000000000000000E+00  2.500000000250035548E-01  1.036232351603216969E-11  2.500000000146412327E-01
  1.756694019546894414E-01  1.000000000000001110E+00  2.236681987920039380E-11  0.000000000000000000E+00  0.000000000000000000E+00  2.500000000250035548E-01  9.602812253934755235E-12  2.500000000154007362E-01
  1.896447130900759115E-01  1.000000000000000444E+00  2.236681987865943707E-11  0.000000000000000000E+00  0.000000000000000000E+00  2.500000000250034993E-01  8.898969583628893042E-12  2.500000000161044511E-01
  2.036200291896639314E-01  1.000000000000000444E+00  2.236681987927062338E-11  0.000000000000000000E+00  0.000000000000000000E+00  2.500000000250034438E-01  8.246715205636944543E-12  2.500000000167568182E-01
  2.175953487228835248E-01  1.000000000000000222E+00  2.236681988023792063E-11  0.000000000000000000E+00  0.000000000000000000E+00  2.500000000250034438E-01  7.642268022384855953E-12  2.500000000173611125E-01
  2.315706727252681840E-01  1.000000000000000444E+00  2.236681988021146054E-11  0.000000000000000000E+00  0.000000000000000000E+00  2.500000000250033882E-01  7.082123957099900796E-12  2.500000000179212201E-01
  2.455460000460115977E-01  1.000000000000000222E+00  2.236681987995372593E-11  0.000000000000000000E+00  0.000000000000000000E+00  2.500000000250033882E-01  6.563035852108494589E-12  2.500000000184404159E-01
  2.595213313677373623E-01  9.999999999999995559E-01  2.236681988004266723E-11  0.000000000000000000E+00  0.000000000000000000E+00  2.500000000250034993E-01  6.081994479389485797E-12  2.500000000189214755E-01
  2.734966659093154284E-01  9.999999999999994449E-01  2.236681988084404046E-11  0.000000000000000000E+00  0.000000000000000000E+00  2.500000000250034438E-01  5.636211222717765648E-12  2.500000000193672300E-01
  2.874720040098617257E-01  9.999999999999991118E-01  2.236681988080931503E-11  0.000000000000000000E+00  0.000000000000000000E+00  2.500000000250033882E-01  5.223101820087447520E-12  2.500000000197802885E-01
  3.014473452461669534E-01  9.999999999999987788E-01  2.236681988151874519E-11  0.000000000000000000E+00  0.000000000000000000E+00  2.500000000250033882E-01  4.840271445641605105E-12  2.500000000201631489E-01
  3.154226896270244662E-01  9.999999999999986677E-01  2.236681988176713524E-11  0.000000000000000000E+00  0.000000000000000000E+00  2.500000000250033327E-01  4.485500789441665802E-12  2.500000000205178652E-01
  3.293980370689954529E-01  9.999999999999983347E-01  2.236681988122379067E-11  0.000000000000000000E+00  0.000000000000000000E+00  2.500000000250033327E-01  4.156733208248013807E-12  2.500000000208465467E-01
  3.433733872794353936E-01  9.999999999999985567E-01  2.236681988254083346E-11  0.000000000000000000E+00  0.000000000000000000E+00  2.500000000250033882E-01  3.852062804881850386E-12  2.500000000211512474E-01
  3.573487404625424468E-01  9.999999999999985567E-01  2.236681988273281691E-11  0.000000000000000000E+00  0.000000000000000000E+00  2.500000000250033327E-01  3.569723364195035835E-12  2.500000000214335771E-01
  3.713240960872925545E-01  9.999999999999984457E-01  2.236681988257633114E-11  0.000000000000000000E+00  0.000000000000000000E+00  2.500000000250033327E-01  3.308078140453700723E-12  2.500000000216953122E-01
  3.852994545783027802E-01  9.999999999999984457E-01  2.236681988258026994E-11  0.000000000000000000E+00  0.000000000000000000E+00  2.500000000250033327E-01  3.065610335340989629E-12  2.500000000219376739E-01
  3.992748152311415555E-01  9.999999999999982236E-01  2.236681988253781554E-11  0.000000000000000000E+00  0.000000000000000000E+00  2.500000000250033327E-01  2.840914343916839807E-12  2.500000000221623830E-01
  4.132501786305946001E-01  9.999999999999981126E-01  2.236681988292940155E-11  0.000000000000000000E+00  0.000000000000000000E+00  2.500000000250032772E-01  2.632687564422430721E-12  2.500000000223706054E-01
  4.272255439523652276E-01  9.999999999999982236E-01  2.236681988290234047E-11  0.000000000000000000E+00  0.000000000000000000E+00  2.500000000250032772E-01  2.439722890447251065E-12  2.500000000225635066E-01
  4.412009118909048788E-01  9.999999999999982236E-01  2.236681988225818649E-11  0.000000000000000000E+00  0.000000000000000000E+00  2.500000000250033327E-01  2.260901669612813339E-12  2.500000000227423635E-01
  4.551762815476538826E-01  9.999999999999981126E-01  2.236681988178652875E-11  0.000000000000000000E+00  0.000000000000000000E+00  2.500000000250032772E-01  2.095187261860408558E-12  2.500000000229081198E-01
  4.691516536843625129E-01  9.999999999999984457E-01  2.236681988167408389E-11  0.000000000000000000E+00  0.000000000000000000E+00  2.500000000250033327E-01  1.941618988027839965E-12  2.500000000230616637E-01
  4.831270273656023129E-01  9.999999999999983347E-01  2.236681988178104222E-11  0.000000000000000000E+00  0.000000000000000000E+00  2.500000000250033327E-01  1.799306600865158613E-12  2.500000000232039943E-01
  4.971024033857697755E-01  9.999999999999983347E-01  2.236681988162277930E-11  0.000000000000000000E+00  0.000000000000000000E+00  2.500000000250033882E-01  1.667425086334021361E-12  2.500000000233358888E-01
  5.110777808028632574E-01  9.999999999999984457E-01  2.236681988163878008E-11  0.000000000000000000E+00  0.000000000000000000E+00  2.500000000250033327E-01  1.545209916478966732E-12  2.500000000234581243E-01
  5.250531604152565146E-01  9.999999999999984457E-01  2.236681988102977805E-11  0.000000000000000000E+00  0.000000000000000000E+00  2.500000000250033882E-01  1.431952584338675492E-12  2.500000000235713671E-01
  5.390285412999111792E-01  9.999999999999984457E-01  2.236681988107668177E-11  0.000000000000000000E+00  0.000000000000000000E+00  2.500000000250033327E-01  1.326996527229895273E-12  2.500000000236762832E-01
  5.530039242359958696E-01  9.999999999999978906E-01  2.236681988154617139E-11  0.000000000000000000E+00  0.000000000000000000E+00  2.500000000250033882E-01  1.229733292590659252E-12  2.500000000237735942E-01
  5.669793083388566801E-01  9.999999999999980016E-01  2.236681988143035318E-11  0.000000000000000000E+00  0.000000000000000000E+00  2.500000000250032772E-01  1.139599036292252450E-12  2.500000000238636888E-01
  5.809546943503085537E-01  9.999999999999978906E-01  2.236681988158504888E-11  0.000000000000000000E+00  0.000000000000000000E+00  2.500000000250032772E-01  1.056071230766343766E-12  2.500000000239472331E-01
  5.949300814396450976E-01  9.999999999999980016E-01  2.236681988194425852E-11  0.000000000000000000E+00  0.000000000000000000E+00  2.500000000250032772E-01  9.786656568878142375E-13  2.500000000240246156E-01
  6.089054702969376454E-01  9.999999999999977796E-01  2.236681988183729696E-11  0.000000000000000000E+00  0.000000000000000000E+00  2.500000000250032217E-01  9.069335780291948746E-13  2.500000000240962805E-01
  6.228808601574213899E-01  9.999999999999978906E-01  2.236681988168940289E-11  0.000000000000000000E+00  0.000000000000000000E+00  2.500000000250032772E-01  8.404591554831945380E-13  2.500000000241628384E-01
  6.368562516486778735E-01  9.999999999999976685E-01  2.236681988140036465E-11  0.000000000000000000E+00  0.000000000000000000E+00  2.500000000250032217E-01  7.788570229772881138E-13  2.500000000242243448E-01
  6.508316440802434100E-01  9.999999999999978906E-01  2.236681988169971033E-11  0.000000000000000000E+00  0.000000000000000000E+00  2.500000000250031662E-01  7.217700657045272774E-13  2.500000000242814657E-01
  6.648070380093348275E-01  9.999999999999977796E-01  2.236681988166472641E-11  0.000000000000000000E+00  0.000000000000000000E+00  2.500000000250032217E-01  6.688673386033811207E-13  2.500000000243343679E-01
  6.787824328261187201E-01  9.999999999999978906E-01  2.236681988147819395E-11  0.000000000000000000E+00  0.000000000000000000E+00  2.500000000250032217E-01  6.198421578597041198E-13  2.500000000243833842E-01
  6.927578290119792426E-01  9.999999999999976685E-01  2.236681988125752413E-11  0.000000000000000000E+00  0.000000000000000000E+00  2.500000000250031662E-01  5.744103143492949917E-13  2.500000000244287923E-01
  7.067332260413284883E-01  9.999999999999978906E-01  2.236681988125011828E-11  0.000000000000000000E+00  0.000000000000000000E+00  2.500000000250032217E-01  5.323084335518558164E-13  2.500000000244709253E-01
  7.207086243165682360E-01  9.999999999999980016E-01  2.236681988135621066E-11  0.000000000000000000E+00  0.000000000000000000E+00  2.500000000250031107E-01  4.932924422398316517E-13  2.500000000245098941E-01
  7.346840233981203339E-01  9.999999999999977796E-01  2.236681988160479782E-11  0.000000000000000000E+00  0.000000000000000000E+00  2.500000000250031107E-01  4.571361590615947896E-13  2.500000000245459209E-01
  7.486594236078013553E-01  9.999999999999975575E-01  2.236681988151263180E-11  0.000000000000000000E+00  0.000000000000000000E+00  2.500000000250029997E-01  4.236299787665924345E-13  2.500000000245793941E-01
  7.626348245926234393E-01  9.999999999999975575E-01  2.236681988139407033E-11  0.000000000000000000E+00  0.000000000000000000E+00  2.500000000250029442E-01  3.925796609033705557E-13  2.500000000246103693E-01
  7.766102265937134819E-01  9.999999999999974465E-01  2.236681988151821204E-11  0.000000000000000000E+00  0.000000000000000000E+00  2.500000000250029442E-01  3.638052006441743212E-13  2.500000000246391241E-01
  7.905856293435035154E-01  9.999999999999975575E-01  2.236681988131851255E-11  0.000000000000000000E+00  0.000000000000000000E+00  2.500000000250028886E-01  3.371397878015457982E-13  2.500000000246657694E-01
  8.045610330035825042E-01  9.999999999999973355E-01  2.236681988140645542E-11  0.000000000000000000E+00  0.000000000000000000E+00  2.500000000250028886E-01  3.124288378284965726E-13  2.500000000246904164E-01
  8.185364373899226553E-01  9.999999999999973355E-01  2.236681988154575457E-11  0.000000000000000000E+00  0.000000000000000000E+00  2.500000000250028886E-01  2.895290971893956422E-13  2.500000000247133980E-01
  8.325118425865664085E-01  9.999999999999974465E-01  2.236681988151551078E-11  0.000000000000000000E+00  0.000000000000000000E+00  2.500000000250028886E-01  2.683078117681935485E-13  2.500000000247346033E-01
  8.464872484902297156E-01  9.999999999999974465E-01  2.236681988118644153E-11  0.000000000000000000E+00  0.000000000000000000E+00  2.500000000250029442E-01  2.486419580245480409E-13  2.500000000247542542E-01
  8.604626551103001786E-01  9.999999999999977796E-01  2.236681988137118069E-11  0.000000000000000000E+00  0.000000000000000000E+00  2.500000000250028886E-01  2.304175293556718619E-13  2.500000000247724619E-01
  8.744380624205981833E-01  9.999999999999974465E-01  2.236681988137942341E-11  0.000000000000000000E+00  0.000000000000000000E+00  2.500000000250029442E-01  2.135288753913935343E-13  2.500000000247893928E-01
  8.884134703616566320E-01  9.999999999999972244E-01  2.236681988145830607E-11  0.000000000000000000E+00  0.000000000000000000E+00  2.500000000250028886E-01  1.978780895190378311E-13  2.500000000248049914E-01
  9.023888789734275662E-01  9.999999999999972244E-01  2.236681988138097761E-11  0.000000000000000000E+00  0.000000000000000000E+00  2.500000000250028886E-01  1.833744411438355530E-13  2.500000000248194798E-01
  9.163642881413831542E-01  9.999999999999971134E-01  2.236681988130460880E-11  0.000000000000000000E+00  0.000000000000000000E+00  2.500000000250028886E-01  1.699338500109380449E-13  2.500000000248329690E-01
  9.303396979565329294E-01  9.999999999999973355E-01  2.236681988123179429E-11  0.000000000000000000E+00  0.000000000000000000E+00  2.500000000250028886E-01  1.574783983903343582E-13  2.500000000248454035E-01
  9.443151082638762128E-01  9.999999999999975575E-01  2.236681988126292666E-11  0.000000000000000000E+00  0.000000000000000000E+00  2.500000000250028886E-01  1.459358797903071820E-13  2.500000000248569498E-01
  9.582905191917659993E-01  9.999999999999975575E-01  2.236681988128662086E-11  0.000000000000000000E+00  0.000000000000000000E+00  2.500000000250029442E-01  1.352393799317698404E-13  2.500000000248677190E-01
  9.722659305571201838E-01  9.999999999999978906E-01  2.236681988136124483E-11  0.000000000000000000E+00  0.000000000000000000E+00  2.500000000250029442E-01  1.253268892897312486E-13  2.500000000248776000E-01
  9.862413425140048595E-01  9.999999999999982236E-01  2.236681988124037306E-11  0.000000000000000000E+00  0.000000000000000000E+00  2.500000000250028886E-01  1.161409431480596357E-13  2.500000000248867038E-01
  1.000216754861701585E+00  9.999999999999982236E-01  2.236681988122548381E-11  0.000000000000000000E+00  0.000000000000000000E+00  2.500000000250029442E-01  1.076282889430719254E-13  2.500000000248953080E-01
  1.014192167770335384E+00  9.999999999999983347E-01  2.236681988126275217E-11  0.000000000000000000E+00  0.000000000000000000E+00  2.500000000250029442E-01  9.973957706282915499E-14  2.500000000249031906E-01
  1.028167581030023925E+00  9.999999999999982236E-01  2.236681988116853436E-11  0.000000000000000000E+00  0.000000000000000000E+00  2.500000000250027776E-01  9.242907524095503878E-14  2.500000000249104071E-01
  1.042142994818955559E+00  9.999999999999982236E-01  2.236681988104125518E-11  0.000000000000000000E+00  0.000000000000000000E+00  2.500000000250028886E-01  8.565440298987297199E-14  2.500000000249171794E-01
  1.056118408925235785E+00  9.999999999999977796E-01  2.236681988107226799E-11  0.000000000000000000E+00  0.000000000000000000E+00  2.500000000250028886E-01  7.937628632443469650E-14  2.500000000249235077E-01
  1.070093823528527999E+00  9.999999999999976685E-01  2.236681988112190852E-11  0.000000000000000000E+00  0.000000000000000000E+00  2.500000000250027776E-01  7.355832970616663175E-14  2.500000000249292809E-01
  1.084069238420607428E+00  9.999999999999977796E-01  2.236681988112220579E-11  0.000000000000000000E+00  0.000000000000000000E+00  2.500000000250028886E-01  6.816680539647727757E-14  2.500000000249346654E-01
  1.098044653777356272E+00  9.999999999999975575E-01  2.236681988113574117E-11  0.000000000000000000E+00  0.000000000000000000E+00  2.500000000250027776E-01  6.317045760814526358E-14  2.500000000249396059E-01
  1.112020069398734989E+00  9.999999999999971134E-01  2.236681988108742543E-11  0.000000000000000000E+00  0.000000000000000000E+00  2.500000000250027776E-01  5.854032160580527271E-14  2.500000000249442134E-01
  1.125995485452591094E+00  9.999999999999972244E-01  2.236681988114943489E-11  0.000000000000000000E+00  0.000000000000000000E+00  2.500000000250028331E-01  5.424955552050522471E-14  2.500000000249485987E-01
  1.139970901750760435E+00  9.999999999999973355E-01  2.236681988109491852E-11  0.000000000000000000E+00  0.000000000000000000E+00  2.500000000250028886E-01  5.027328499305833189E-14  2.500000000249525955E-01
  1.153946318449746711E+00  9.999999999999977796E-01  2.236681988115359664E-11  0.000000000000000000E+00  0.000000000000000000E+00  2.500000000250028331E-01  4.658845874647400786E-14  2.500000000249562593E-01
  1.167921735375915704E+00  9.999999999999973355E-01  2.236681988113817102E-11  0.000000000000000000E+00  0.000000000000000000E+00  2.500000000250029442E-01  4.317371516392734783E-14  2.500000000249597565E-01
  1.181897152671946172E+00  9.999999999999975575E-01  2.236681988113857168E-11  0.000000000000000000E+00  0.000000000000000000E+00  2.500000000250029997E-01  4.000925826325819980E-14  2.500000000249629206E-01
  1.195872570180781747E+00  9.999999999999977796E-01  2.236681988112265815E-11  0.000000000000000000E+00  0.000000000000000000E+00  2.500000000250028886E-01  3.707674309698693087E-14  2.500000000249658627E-01
  1.209847988029419952E+00  9.999999999999975575E-01  2.236681988109929999E-11  0.000000000000000000E+00  0.000000000000000000E+00  2.500000000250029442E-01  3.435916925558666983E-14  2.500000000249685272E-01
  1.223823406078804688E+00  9.999999999999974465E-01  2.236681988116660212E-11  0.000000000000000000E+00  0.000000000000000000E+00  2.500000000250028886E-01  3.184078245180256869E-14  2.500000000249710808E-01
  1.237798824439015677E+00  9.999999999999974465E-01  2.236681988113664590E-11  0.000000000000000000E+00  0.000000000000000000E+00  2.500000000250028331E-01  2.950698307116807022E-14  2.500000000249733567E-01
  1.251774242989828423E+00  9.999999999999980016E-01  2.236681988109756485E-11  0.000000000000000000E+00  0.000000000000000000E+00  2.500000000250028886E-01  2.734424163191146527E-14  2.500000000249755217E-01
  1.265749661823610595E+00  9.999999999999980016E-01  2.236681988111936881E-11  0.000000000000000000E+00  0.000000000000000000E+00  2.500000000250028331E-01  2.534002027490750080E-14  2.500000000249774645E-01
  1.279725080839513307E+00  9.999999999999976685E-01  2.236681988111889383E-11  0.000000000000000000E+00  0.000000000000000000E+00  2.500000000250028331E-01  2.348270014364152819E-14  2.500000000249794074E-01
  1.293700500111790719E+00  9.999999999999975575E-01  2.236681988109303474E-11  0.000000000000000000E+00  0.000000000000000000E+00  2.500000000250027776E-01  2.176151397529423225E-14  2.500000000249810173E-01
  1.307675919559033506E+00  9.999999999999970024E-01  2.236681988103099297E-11  0.000000000000000000E+00  0.000000000000000000E+00  2.500000000250027776E-01  2.016648371841701135E-14  2.500000000249826271E-01
  1.321651339237360112E+00  9.999999999999974465E-01  2.236681988103272811E-11  0.000000000000000000E+00  0.000000000000000000E+00  2.500000000250028331E-01  1.868836265866238708E-14  2.500000000249841259E-01
  1.335626759084605375E+00  9.999999999999976685E-01  2.236681988109077292E-11  0.000000000000000000E+00  0.000000000000000000E+00  2.500000000250027776E-01  1.731858183517698839E-14  2.500000000249854581E-01
  1.349602179138956748E+00  9.999999999999976685E-01  2.236681988108380651E-11  0.000000000000000000E+00  0.000000000000000000E+00  2.500000000250027776E-01  1.604920035254268693E-14  2.500000000249867349E-01
  1.363577599357101766E+00  9.999999999999982236E-01  2.236681988109340633E-11  0.000000000000000000E+00  0.000000000000000000E+00  2.500000000250027221E-01  1.487285935313542408E-14  2.500000000249879006E-01
  1.377553019759745423E+00  9.999999999999977796E-01  2.236681988112705255E-11  0.000000000000000000E+00  0.000000000000000000E+00  2.500000000250027221E-01  1.378273934635564378E-14  2.500000000249889553E-01
  1.391528440321775362E+00  9.999999999999975575E-01  2.236681988111225054E-11  0.000000000000000000E+00  0.000000000000000000E+00  2.500000000250027221E-01  1.277252068902256130E-14  2.500000000249898435E-01
  1.405503861047028735E+00  9.999999999999976685E-01  2.236681988105940468E-11  0.000000000000000000E+00  0.000000000000000000E+00  2.500000000250026111E-01  1.183634693704685473E-14  2.500000000249908427E-01
  1.419479281927860548E+00  9.999999999999972244E-01  2.236681988103775581E-11  0.000000000000000000E+00  0.000000000000000000E+00  2.500000000250026666E-01  1.096879090404553859E-14  2.500000000249917309E-01
  1.433454702952441817E+00  9.999999999999975575E-01  2.236681988105520416E-11  0.000000000000000000E+00  0.000000000000000000E+00  2.500000000250026111E-01  1.016482319257449528E-14  2.500000000249923970E-01
  1.447430124128334272E+00  9.999999999999977796E-01  2.236681988104666093E-11  0.000000000000000000E+00  0.000000000000000000E+00  2.500000000250026111E-01  9.419783039581418219E-15  2.500000000249932297E-01
  1.461405545430926711E+00  9.999999999999980016E-01  2.236681988102779087E-11  0.000000000000000000E+00  0.000000000000000000E+00  2.500000000250026111E-01  8.729351293253203508E-15  2.500000000249938403E-01
  1.475380966879636713E+00  9.999999999999977796E-01  2.236681988104928141E-11  0.000000000000000000E+00  0.000000000000000000E+00  2.500000000250025556E-01  8.089525378278022717E-15  2.500000000249945065E-01
  1.489356388440413292E+00  9.999999999999982236E-01  2.236681988105467101E-11  0.000000000000000000E+00  0.000000000000000000E+00  2.500000000250026111E-01  7.496596097096474659E-15  2.500000000249951171E-01
  1.503331810141365521E+00  9.999999999999980016E-01  2.236681988106553745E-11  0.000000000000000000E+00  0.000000000000000000E+00  2.500000000250026111E-01  6.947126116062166156E-15  2.500000000249956722E-01
  1.517307231941889212E+00  9.999999999999980016E-01  2.236681988108131528E-11  0.000000000000000000E+00  0.000000000000000000E+00  2.500000000250026111E-01  6.437930046161264057E-15  2.500000000249961718E-01
  1.531282653876121724E+00  9.999999999999977796E-01  2.236681988110017241E-11  0.000000000000000000E+00  0.000000000000000000E+00  2.500000000250026111E-01  5.966055973114107007E-15  2.500000000249967269E-01
  1.545258075899247796E+00  9.999999999999974465E-01  2.236681988104853824E-11  0.000000000000000000E+00  0.000000000000000000E+00  2.500000000250026666E-01  5.528768345881003416E-15  2.500000000249970600E-01
  1.559233498049230393E+00  9.999999999999973355E-01  2.236681988101917010E-11  0.000000000000000000E+00  0.000000000000000000E+00  2.500000000250026666E-01  5.123532119316841984E-15  2.500000000249975041E-01
  1.573208920279018930E+00  9.999999999999974465E-01  2.236681988107021619E-11  0.000000000000000000E+00  0.000000000000000000E+00  2.500000000250026111E-01  4.747998057319351440E-15  2.500000000249978371E-01
  1.587184342628558564E+00  9.999999999999978906E-01  2.236681988108008097E-11  0.000000000000000000E+00  0.000000000000000000E+00  2.500000000250026666E-01  4.399989112751684982E-15  2.500000000249982257E-01
  1.601159765050192307E+00  9.999999999999980016E-01  2.236681988108955154E-11  0.000000000000000000E+00  0.000000000000000000E+00  2.500000000250026111E-01  4.077487807491080269E-15  2.500000000249985033E-01
  1.615135187584345378E+00  9.999999999999986677E-01  2.236681988108158346E-11  0.000000000000000000E+00  0.000000000000000000E+00  2.500000000250026111E-01  3.778624536322694742E-15  2.500000000249988918E-01
  1.629110610184049790E+00  9.999999999999987788E-01  2.236681988108742219E-11  0.000000000000000000E+00  0.000000000000000000E+00  2.500000000250026111E-01  3.501666730863706606E-15  2.500000000249991139E-01
  1.643086032888990466E+00  9.999999999999988898E-01  2.236681988107460089E-11  0.000000000000000000E+00  0.000000000000000000E+00  2.500000000250027221E-01  3.245008806532962302E-15  2.500000000249995025E-01
  1.657061455653963122E+00  9.999999999999987788E-01  2.236681988107620356E-11  0.000000000000000000E+00  0.000000000000000000E+00  2.500000000250027221E-01  3.007162866601139556E-15  2.500000000249997245E-01
  1.671036878516932722E+00  9.999999999999986677E-01  2.236681988109457278E-11  0.000000000000000000E+00  0.000000000000000000E+00  2.500000000250026666E-01  2.786750066464193840E-15  2.500000000249999466E-01
  1.685012301435276916E+00  9.999999999999986677E-01  2.236681988107850738E-11  0.000000000000000000E+00  0.000000000000000000E+00  2.500000000250027221E-01  2.582492629018797650E-15  2.500000000250001131E-01
  1.698987724444485314E+00  9.999999999999984457E-01  2.236681988107419054E-11  0.000000000000000000E+00  0.000000000000000000E+00  2.500000000250027221E-01  2.393206430664246464E-15  2.500000000250003351E-01
  1.712963147505146111E+00  9.999999999999980016E-01  2.236681988107742171E-11  0.000000000000000000E+00  0.000000000000000000E+00  2.500000000250027776E-01  2.217794140145587570E-15  2.500000000250005017E-01
  1.726938570649687366E+00  9.999999999999978906E-01  2.236681988107714706E-11  0.000000000000000000E+00  0.000000000000000000E+00  2.500000000250027776E-01  2.055238856173484686E-15  2.500000000250006682E-01
  1.740913993842391649E+00  9.999999999999973355E-01  2.236681988107398374E-11  0.000000000000000000E+00  0.000000000000000000E+00  2.500000000250027776E-01  1.904598213225005920E-15  2.500000000250008347E-01
  1.754889417112200922E+00  9.999999999999976685E-01  2.236681988108302457E-11  0.000000000000000000E+00  0.000000000000000000E+00  2.500000000250027221E-01  1.764998915856529673E-15  2.500000000250010013E-01
  1.768864840427406104E+00  9.999999999999971134E-01  2.236681988108371927E-11  0.000000000000000000E+00  0.000000000000000000E+00  2.500000000250027221E-01  1.635631678394438902E-15  2.500000000250011123E-01
  1.782840263813169734E+00  9.999999999999966693E-01  2.236681988107252971E-11  0.000000000000000000E+00  0.000000000000000000E+00  2.500000000250026666E-01  1.515746533243775592E-15  2.500000000250011678E-01
  1.796815687242011572E+00  9.999999999999967804E-01  2.236681988106275864E-11  0.000000000000000000E+00  0.000000000000000000E+00  2.500000000250027221E-01  1.404648482330484573E-15  2.500000000250013343E-01
  1.810791110735123111E+00  9.999999999999965583E-01  2.236681988107938626E-11  0.000000000000000000E+00  0.000000000000000000E+00  2.500000000250027776E-01  1.301693467363708721E-15  2.500000000250013898E-01
  1.824766534269367302E+00  9.999999999999966693E-01  2.236681988106170851E-11  0.000000000000000000E+00  0.000000000000000000E+00  2.500000000250027221E-01  1.206284637721913577E-15  2.500000000250015009E-01
  1.838741957861874665E+00  9.999999999999968914E-01  2.236681988107541192E-11  0.000000000000000000E+00  0.000000000000000000E+00  2.500000000250027776E-01  1.117868888520790116E-15  2.500000000250016674E-01
  1.852717381493874438E+00  9.999999999999967804E-01  2.236681988107410653E-11  0.000000000000000000E+00  0.000000000000000000E+00  2.500000000250027776E-01  1.035933655238534366E-15  2.500000000250017784E-01
  1.866692805178413961E+00  9.999999999999971134E-01  2.236681988107486908E-11  0.000000000000000000E+00  0.000000000000000000E+00  2.500000000250028331E-01  9.600039423959296235E-16  2.500000000250018339E-01
  1.880668228901065664E+00  9.999999999999975575E-01  2.236681988107531175E-11  0.000000000000000000E+00  0.000000000000000000E+00  2.500000000250028331E-01  8.896395696301952947E-16  2.500000000250019450E-01
  1.894643652670837675E+00  9.999999999999975575E-01  2.236681988107737324E-11  0.000000000000000000E+00  0.000000000000000000E+00  2.500000000250027776E-01  8.244326201710838038E-16  2.500000000250019450E-01
  1.908619076477549248E+00  9.999999999999976685E-01  2.236681988107015157E-11  0.000000000000000000E+00  0.000000000000000000E+00  2.500000000250028331E-01  7.640050756601904569E-16  2.500000000250020560E-01
  1.922594500326264555E+00  9.999999999999981126E-01  2.236681988107720522E-11  0.000000000000000000E+00  0.000000000000000000E+00  2.500000000250028331E-01  7.080066250416885944E-16  2.500000000250021115E-01
  1.936569924210912008E+00  9.999999999999983347E-01  2.236681988108430088E-11  0.000000000000000000E+00  0.000000000000000000E+00  2.500000000250028331E-01  6.561126335278965524E-16  2.500000000250021670E-01
  1.950545348132748158E+00  9.999999999999987788E-01  2.236681988109136746E-11  0.000000000000000000E+00  0.000000000000000000E+00  2.500000000250028886E-01  6.080222607205890908E-16  2.500000000250022225E-01
  1.964520772089649148E+00  9.999999999999988898E-01  2.236681988109692185E-11  0.000000000000000000E+00  0.000000000000000000E+00  2.500000000250029442E-01  5.634567165441392019E-16  2.500000000250023335E-01
  1.978496196079310598E+00  9.999999999999991118E-01  2.236681988108159316E-11  0.000000000000000000E+00  0.000000000000000000E+00  2.500000000250028886E-01  5.221576444987336403E-16  2.500000000250023335E-01
  1.992471620103105856E+00  9.999999999999995559E-01  2.236681988108479848E-11  0.000000000000000000E+00  0.000000000000000000E+00  2.500000000250028331E-01  4.838856253248605715E-16  2.500000000250023890E-01
  2.006447044155763137E+00  9.999999999999997780E-01  2.236681988107992910E-11  0.000000000000000000E+00  0.000000000000000000E+00  2.500000000250028886E-01  4.484187892107734758E-16  2.500000000250023890E-01
  2.020422468241402925E+00  9.999999999999997780E-01  2.236681988107445226E-11  0.000000000000000000E+00  0.000000000000000000E+00  2.500000000250028331E-01  4.155515275029578723E-16  2.500000000250024446E-01
  2.034397892352562742E+00  9.999999999999997780E-01  2.236681988107783207E-11  0.000000000000000000E+00  0.000000000000000000E+00  2.500000000250028886E-01  3.850933023226788684E-16  2.500000000250025001E-01
  2.048373316495387009E+00  1.000000000000000000E+00  2.236681988107718583E-11  0.000000000000000000E+00  0.000000000000000000E+00  2.500000000250029442E-01  3.568675416094023835E-16  2.500000000250025556E-01
  2.062348740660874480E+00  9.999999999999998890E-01  2.236681988107949936E-11  0.000000000000000000E+00  0.000000000000000000E+00  2.500000000250028886E-01  3.307106148822690588E-16  2.500000000250026111E-01
  2.076324164856584442E+00  1.000000000000000000E+00  2.236681988108355448E-11  0.000000000000000000E+00  0.000000000000000000E+00  2.500000000250028886E-01  3.064708855672440089E-16  2.500000000250026111E-01
  2.090299589072514674E+00  1.000000000000000000E+00  2.236681988108224908E-11  0.000000000000000000E+00  0.000000000000000000E+00  2.500000000250029442E-01  2.840078308728417063E-16  2.500000000250026666E-01
  2.104275013317131293E+00  9.999999999999997780E-01  2.236681988108442690E-11  0.000000000000000000E+00  0.000000000000000000E+00  2.500000000250028886E-01  2.631912277074732471E-16  2.500000000250026666E-01
  2.118250437579892953E+00  9.999999999999996669E-01  2.236681988108517976E-11  0.000000000000000000E+00  0.000000000000000000E+00  2.500000000250028886E-01  2.439003976806503371E-16  2.500000000250026666E-01
  2.132225861869748496E+00  9.999999999999997780E-01  2.236681988108588739E-11  0.000000000000000000E+00  0.000000000000000000E+00  2.500000000250028886E-01  2.260235076348806525E-16  2.500000000250026111E-01
  2.146201286175983824E+00  9.999999999999995559E-01  2.236681988108461107E-11  0.000000000000000000E+00  0.000000000000000000E+00  2.500000000250028886E-01  2.094569210625841693E-16  2.500000000250027221E-01
  2.160176710507687226E+00  9.999999999999991118E-01  2.236681988108137020E-11  0.000000000000000000E+00  0.000000000000000000E+00  2.500000000250028886E-01  1.941045978529685142E-16  2.500000000250027221E-01
  2.174152134854273832E+00  9.999999999999986677E-01  2.236681988108261098E-11  0.000000000000000000E+00  0.000000000000000000E+00  2.500000000250028886E-01  1.798775370436270806E-16  2.500000000250027776E-01
  2.188127559224696039E+00  9.999999999999983347E-01  2.236681988108609095E-11  0.000000000000000000E+00  0.000000000000000000E+00  2.500000000250028331E-01  1.666932615622848208E-16  2.500000000250027221E-01
  2.202102983608736242E+00  9.999999999999981126E-01  2.236681988108677596E-11  0.000000000000000000E+00  0.000000000000000000E+00  2.500000000250028886E-01  1.544753394791223165E-16  2.500000000250026666E-01
  2.216078408014979129E+00  9.999999999999978906E-01  2.236681988108704738E-11  0.000000000000000000E+00  0.000000000000000000E+00  2.500000000250028331E-01  1.431529411062173125E-16  2.500000000250026666E-01
  2.230053832433774641E+00  9.999999999999973355E-01  2.236681988108338323E-11  0.000000000000000000E+00  0.000000000000000000E+00  2.500000000250028331E-01  1.326604283913714491E-16  2.500000000250026666E-01
  2.244029256873167011E+00  9.999999999999970024E-01  2.236681988108305365E-11  0.000000000000000000E+00  0.000000000000000000E+00  2.500000000250028331E-01  1.229369741653517927E-16  2.500000000250027221E-01
  2.258004681324213170E+00  9.999999999999970024E-01  2.236681988108539302E-11  0.000000000000000000E+00  0.000000000000000000E+00  2.500000000250028331E-01  1.139262095978871529E-16  2.500000000250027221E-01
  2.271980105794283666E+00  9.999999999999965583E-01  2.236681988108738342E-11  0.000000000000000000E+00  0.000000000000000000E+00  2.500000000250028331E-01  1.055758977647466313E-16  2.500000000250026666E-01
  2.285955530275253889E+00  9.999999999999961142E-01  2.236681988108640114E-11  0.000000000000000000E+00  0.000000000000000000E+00  2.500000000250027776E-01  9.783763037589913473E-17  2.500000000250027221E-01
  2.299930954773719893E+00  9.999999999999962252E-01  2.236681988108440105E-11  0.000000000000000000E+00  0.000000000000000000E+00  2.500000000250028331E-01  9.066654716580537114E-17  2.500000000250026666E-01
  2.313906379282452352E+00  9.999999999999957812E-01  2.236681988108429442E-11  0.000000000000000000E+00  0.000000000000000000E+00  2.500000000250028331E-01  8.402107568704690408E-17  2.500000000250027221E-01
  2.327881803807199557E+00  9.999999999999955591E-01  2.236681988108572906E-11  0.000000000000000000E+00  0.000000000000000000E+00  2.500000000250028331E-01  7.786269042020950835E-17  2.500000000250027221E-01
  2.341857228341684749E+00  9.999999999999954481E-01  2.236681988108410055E-11  0.000000000000000000E+00  0.000000000000000000E+00  2.500000000250027221E-01  7.215568979514499853E-17  2.500000000250026666E-01
  2.355832652890767154E+00  9.999999999999953371E-01  2.236681988108627836E-11  0.000000000000000000E+00  0.000000000000000000E+00  2.500000000250027221E-01  6.686698923460445464E-17  2.500000000250026666E-01
  2.369808077449139017E+00  9.999999999999947820E-01  2.236681988108557073E-11  0.000000000000000000E+00  0.000000000000000000E+00  2.500000000250028886E-01  6.196592907917682027E-17  2.500000000250027776E-01
  2.383783502020748735E+00  9.999999999999946709E-01  2.236681988108551580E-11  0.000000000000000000E+00  0.000000000000000000E+00  2.500000000250028331E-01  5.742409677887626942E-17  2.500000000250027221E-01
  2.397758926601274432E+00  9.999999999999941158E-01  2.236681988108510221E-11  0.000000000000000000E+00  0.000000000000000000E+00  2.500000000250028331E-01  5.321516217133251841E-17  2.500000000250027776E-01
  2.411734351193747017E+00  9.999999999999938938E-01  2.236681988108482433E-11  0.000000000000000000E+00  0.000000000000000000E+00  2.500000000250028331E-01  4.931472526509648544E-17  2.500000000250027776E-01
  2.425709775794820278E+00  9.999999999999935607E-01  2.236681988108381297E-11  0.000000000000000000E+00  0.000000000000000000E+00  2.500000000250028331E-01  4.570017429944831482E-17  2.500000000250026666E-01
  2.439685200406609855E+00  9.999999999999931166E-01  2.236681988108151238E-11  0.000000000000000000E+00  0.000000000000000000E+00  2.500000000250028331E-01  4.235055504791922532E-17  2.500000000250027221E-01
  2.453660625026730102E+00  9.999999999999931166E-01  2.236681988108301487E-11  0.000000000000000000E+00  0.000000000000000000E+00  2.500000000250027776E-01  3.924644911877632762E-17  2.500000000250027221E-01
  2.467636049656411146E+00  9.999999999999928946E-01  2.236681988108288563E-11  0.000000000000000000E+00  0.000000000000000000E+00  2.500000000250027776E-01  3.636986147848808248E-17  2.500000000250026666E-01
  2.481611474294196373E+00  9.999999999999925615E-01  2.236681988108607156E-11  0.000000000000000000E+00  0.000000000000000000E+00  2.500000000250027776E-01  3.370411596368614169E-17  2.500000000250027221E-01
  2.495586898940453491E+00  9.999999999999924505E-01  2.236681988108724125E-11  0.000000000000000000E+00  0.000000000000000000E+00  2.500000000250026666E-01  3.123375878758642325E-17  2.500000000250026111E-01
  2.509562323594613620E+00  9.999999999999917843E-01  2.236681988108812659E-11  0.000000000000000000E+00  0.000000000000000000E+00  2.500000000250027221E-01  2.894446882903098650E-17  2.500000000250026111E-01
  2.523537748256237556E+00  9.999999999999915623E-01  2.236681988108801673E-11  0.000000000000000000E+00  0.000000000000000000E+00  2.500000000250026666E-01  2.682297465472568096E-17  2.500000000250026666E-01
  2.537513172925562444E+00  9.999999999999908962E-01  2.236681988108820414E-11  0.000000000000000000E+00  0.000000000000000000E+00  2.500000000250026666E-01  2.485697753481402231E-17  2.500000000250026111E-01
  2.551488597601461628E+00  9.999999999999906741E-01  2.236681988108904101E-11  0.000000000000000000E+00  0.000000000000000000E+00  2.500000000250026666E-01  2.303508019999759318E-17  2.500000000250026111E-01
  2.565464022284805523E+00  9.999999999999902300E-01  2.236681988108908625E-11  0.000000000000000000E+00  0.000000000000000000E+00  2.500000000250025556E-01  2.134672065652232706E-17  2.500000000250025556E-01
  2.579439446973962546E+00  9.999999999999897859E-01  2.236681988108883745E-11  0.000000000000000000E+00  0.000000000000000000E+00  2.500000000250026111E-01  1.978211108735611904E-17  2.500000000250025556E-01
  2.593414871670273403E+00  9.999999999999895639E-01  2.236681988108766776E-11  0.000000000000000000E+00  0.000000000000000000E+00  2.500000000250026666E-01  1.833218108312010443E-17  2.500000000250025556E-01
  2.607390296371740579E+00  9.999999999999890088E-01  2.236681988108929304E-11  0.000000000000000000E+00  0.000000000000000000E+00  2.500000000250025556E-01  1.698852509485331962E-17  2.500000000250025556E-01
  2.621365721080037403E+00  9.999999999999887867E-01  2.236681988108828492E-11  0.000000000000000000E+00  0.000000000000000000E+00  2.500000000250026111E-01  1.574335365808945654E-17  2.500000000250025556E-01
  2.635341145792935436E+00  9.999999999999891198E-01  2.236681988108862742E-11  0.000000000000000000E+00  0.000000000000000000E+00  2.500000000250026111E-01  1.458944823815296117E-17  2.500000000250025556E-01
  2.649316570512321167E+00  9.999999999999886757E-01  2.236681988108863712E-11  0.000000000000000000E+00  0.000000000000000000E+00  2.500000000250026111E-01  1.352011934944079013E-17  2.500000000250026111E-01
  2.663291995235832932E+00  9.999999999999881206E-01  2.236681988108875667E-11  0.000000000000000000E+00  0.000000000000000000E+00  2.500000000250026111E-01  1.252916777743670505E-17  2.500000000250026111E-01
  2.677267419965473128E+00  9.999999999999880096E-01  2.236681988108831723E-11  0.000000000000000000E+00  0.000000000000000000E+00  2.500000000250026666E-01  1.161084883315089479E-17  2.500000000250026111E-01
  2.691242844698835235E+00  9.999999999999880096E-01  2.236681988108802319E-11  0.000000000000000000E+00  0.000000000000000000E+00  2.500000000250026666E-01  1.075983888366411058E-17  2.500000000250026111E-01
  2.705218269437960732E+00  9.999999999999876765E-01  2.236681988108706030E-11  0.000000000000000000E+00  0.000000000000000000E+00  2.500000000250026111E-01  9.971204536607201114E-18  2.500000000250026111E-01
  2.719193694180466636E+00  9.999999999999875655E-01  2.236681988108687289E-11  0.000000000000000000E+00  0.000000000000000000E+00  2.500000000250026666E-01  9.240373938133638337E-18  2.500000000250026111E-01
  2.733169118928370001E+00  9.999999999999874545E-01  2.236681988108717339E-11  0.000000000000000000E+00  0.000000000000000000E+00  2.500000000250027221E-01  8.563110299773669070E-18  2.500000000250026666E-01
  2.747144543679364226E+00  9.999999999999872324E-01  2.236681988108758052E-11  0.000000000000000000E+00  0.000000000000000000E+00  2.500000000250026666E-01  7.935487383930656243E-18  2.500000000250026666E-01
  2.761119968435387317E+00  9.999999999999875655E-01  2.236681988108767423E-11  0.000000000000000000E+00  0.000000000000000000E+00  2.500000000250027776E-01  7.353866706806644781E-18  2.500000000250026666E-01
  2.775095393194256133E+00  9.999999999999872324E-01  2.236681988108694721E-11  0.000000000000000000E+00  0.000000000000000000E+00  2.500000000250027776E-01  6.814876453145577792E-18  2.500000000250027221E-01
  2.789070817957792325E+00  9.999999999999873435E-01  2.236681988108789395E-11  0.000000000000000000E+00  0.000000000000000000E+00  2.500000000250027776E-01  6.315391948034504675E-18  2.500000000250027221E-01
  2.803046242723969961E+00  9.999999999999874545E-01  2.236681988108792626E-11  0.000000000000000000E+00  0.000000000000000000E+00  2.500000000250028331E-01  5.852517580100233148E-18  2.500000000250027776E-01
  2.817021667494461923E+00  9.999999999999876765E-01  2.236681988108790687E-11  0.000000000000000000E+00  0.000000000000000000E+00  2.500000000250028331E-01  5.423569951228932016E-18  2.500000000250027776E-01
  2.830997092267421245E+00  9.999999999999871214E-01  2.236681988108799411E-11  0.000000000000000000E+00  0.000000000000000000E+00  2.500000000250027776E-01  5.026062429383020255E-18  2.500000000250027221E-01
  2.844972517044349392E+00  9.999999999999870104E-01  2.236681988108815567E-11  0.000000000000000000E+00  0.000000000000000000E+00  2.500000000250027776E-01  4.657690670906142236E-18  2.500000000250027221E-01
  2.858947941823600125E+00  9.999999999999873435E-01  2.236681988108773562E-11  0.000000000000000000E+00  0.000000000000000000E+00  2.500000000250027221E-01  4.316319115501600868E-18  2.500000000250027221E-01
  2.872923366606486617E+00  9.999999999999871214E-01  2.236681988108772916E-11  0.000000000000000000E+00  0.000000000000000000E+00  2.500000000250027221E-01  3.999968726214882033E-18  2.500000000250027221E-01
  2.886898791391572683E+00  9.999999999999870104E-01  2.236681988108739634E-11  0.000000000000000000E+00  0.000000000000000000E+00  2.500000000250027221E-01  3.706805583243358918E-18  2.500000000250027221E-01
  2.900874216179974763E+00  9.999999999999868994E-01  2.236681988108741896E-11  0.000000000000000000E+00  0.000000000000000000E+00  2.500000000250026666E-01  3.435130135196928969E-18  2.500000000250026111E-01
  2.914849640970474720E+00  9.999999999999872324E-01  2.236681988108783578E-11  0.000000000000000000E+00  0.000000000000000000E+00  2.500000000250026666E-01  3.183367404644303787E-18  2.500000000250026111E-01
  2.928825065763982938E+00  9.999999999999875655E-01  2.236681988108803612E-11  0.000000000000000000E+00  0.000000000000000000E+00  2.500000000250026666E-01  2.950057896374307328E-18  2.500000000250026666E-01
  2.942800490559504656E+00  9.999999999999873435E-01  2.236681988108780994E-11  0.000000000000000000E+00  0.000000000000000000E+00  2.500000000250026111E-01  2.733849038931125768E-18  2.500000000250025556E-01
  2.956775915357741980E+00  9.999999999999874545E-01  2.236681988108767099E-11  0.000000000000000000E+00  0.000000000000000000E+00  2.500000000250026666E-01  2.533487417343447456E-18  2.500000000250026111E-01
  2.970751340157919529E+00  9.999999999999876765E-01  2.236681988108745774E-11  0.000000000000000000E+00  0.000000000000000000E+00  2.500000000250026666E-01  2.347811476889798730E-18  2.500000000250026111E-01
  2.984726764960535572E+00  9.999999999999877875E-01  2.236681988108779055E-11  0.000000000000000000E+00  0.000000000000000000E+00  2.500000000250026666E-01  2.175744818447985887E-18  2.500000000250026666E-01
  2.998702189765029225E+00  9.999999999999874545E-01  2.236681988108781963E-11  0.000000000000000000E+00  0.000000000000000000E+00  2.500000000250027221E-01  2.016289937502169379E-18  2.500000000250026666E-01
  3.012677614571702023E+00  9.999999999999872324E-01  2.236681988108792949E-11  0.000000000000000000E+00  0.000000000000000000E+00  2.500000000250027776E-01  1.868522434812454742E-18  2.500000000250027776E-01
  3.026653039380199584E+00  9.999999999999870104E-01  2.236681988108768069E-11  0.000000000000000000E+00  0.000000000000000000E+00  2.500000000250027776E-01  1.731585697686699778E-18  2.500000000250027776E-01
  3.040628464190627600E+00  9.999999999999875655E-01  2.236681988108756437E-11  0.000000000000000000E+00  0.000000000000000000E+00  2.500000000250028331E-01  1.604685856049601213E-18  2.500000000250028331E-01
  3.054603889002838191E+00  9.999999999999872324E-01  2.236681988108769361E-11  0.000000000000000000E+00  0.000000000000000000E+00  2.500000000250029442E-01  1.487087239136851882E-18  2.500000000250028886E-01
  3.068579313816749643E+00  9.999999999999875655E-01  2.236681988108772269E-11  0.000000000000000000E+00  0.000000000000000000E+00  2.500000000250029442E-01  1.378108101570617423E-18  2.500000000250029442E-01
  3.082554738632396596E+00  9.999999999999872324E-01  2.236681988108753529E-11  0.000000000000000000E+00  0.000000000000000000E+00  2.500000000250030552E-01  1.277116686502463013E-18  2.500000000250029997E-01
  3.096530163449542350E+00  9.999999999999871214E-01  2.236681988108735757E-11  0.000000000000000000E+00  0.000000000000000000E+00  2.500000000250030552E-01  1.183527524930717430E-18  2.500000000250030552E-01
  3.110505588268367649E+00  9.999999999999871214E-01  2.236681988108753529E-11  0.000000000000000000E+00  0.000000000000000000E+00  2.500000000250030552E-01  1.096798076497563015E-18  2.500000000250030552E-01
  3.124481013088516779E+00  9.999999999999867883E-01  2.236681988108758698E-11  0.000000000000000000E+00  0.000000000000000000E+00  2.500000000250031107E-01  1.016425553887645330E-18  2.500000000250030552E-01
  3.138456437910279284E+00  9.999999999999866773E-01  2.236681988108753205E-11  0.000000000000000000E+00  0.000000000000000000E+00  2.500000000250031107E-01  9.419440057382653835E-19  2.500000000250031107E-01
  3.152431862733217738E+00  9.999999999999866773E-01  2.236681988108749974E-11  0.000000000000000000E+00  0.000000000000000000E+00  2.500000000250031107E-01  8.729216493616658665E-19  2.500000000250031107E-01
  3.166407287557699846E+00  9.999999999999866773E-01  2.236681988108762576E-11  0.000000000000000000E+00  0.000000000000000000E+00  2.500000000250030552E-01  8.089583424924989580E-19  2.500000000250030552E-01
  3.180382712383228672E+00  9.999999999999862332E-01  2.236681988108759022E-11  0.000000000000000000E+00  0.000000000000000000E+00  2.500000000250031107E-01  7.496832964518983133E-19  2.500000000250030552E-01
  3.194358137210225212E+00  9.999999999999863443E-01  2.236681988108730910E-11  0.000000000000000000E+00  0.000000000000000000E+00  2.500000000250031662E-01  6.947528645879038207E-19  2.500000000250031107E-01
  3.208333562038158782E+00  9.999999999999862332E-01  2.236681988108724448E-11  0.000000000000000000E+00  0.000000000000000000E+00  2.500000000250030552E-01  6.438486030427561464E-19  2.500000000250029997E-01
  3.222308986867478353E+00  9.999999999999862332E-01  2.236681988108717986E-11  0.000000000000000000E+00  0.000000000000000000E+00  2.500000000250030552E-01  5.966754183498256950E-19  2.500000000250030552E-01
  3.236284411697643471E+00  9.999999999999860112E-01  2.236681988108723802E-11  0.000000000000000000E+00  0.000000000000000000E+00  2.500000000250031107E-01  5.529598219201363139E-19  2.500000000250031107E-01
  3.250259836529115098E+00  9.999999999999860112E-01  2.236681988108707000E-11  0.000000000000000000E+00  0.000000000000000000E+00  2.500000000250030552E-01  5.124484046498578366E-19  2.500000000250029997E-01
  3.264235261361352780E+00  9.999999999999859002E-01  2.236681988108686320E-11  0.000000000000000000E+00  0.000000000000000000E+00  2.500000000250030552E-01  4.749063094865592110E-19  2.500000000250029997E-01
  3.278210686194813483E+00  9.999999999999860112E-01  2.236681988108694075E-11  0.000000000000000000E+00  0.000000000000000000E+00  2.500000000250029997E-01  4.401159108691985829E-19  2.500000000250028886E-01
  3.292186111028974072E+00  9.999999999999864553E-01  2.236681988108700214E-11  0.000000000000000000E+00  0.000000000000000000E+00  2.500000000250028331E-01  4.078755155553983842E-19  2.500000000250028331E-01
  3.306161535864275081E+00  9.999999999999863443E-01  2.236681988108714431E-11  0.000000000000000000E+00  0.000000000000000000E+00  2.500000000250028886E-01  3.779982102702446474E-19  2.500000000250028331E-01
  3.320136960700224016E+00  9.999999999999866773E-01  2.236681988108695044E-11  0.000000000000000000E+00  0.000000000000000000E+00  2.500000000250028331E-01  3.503107843135512060E-19  2.500000000250027776E-01
  3.334112385537228551E+00  9.999999999999863443E-01  2.236681988108665964E-11  0.000000000000000000E+00  0.000000000000000000E+00  2.500000000250028331E-01  3.246527319824324746E-19  2.500000000250027776E-01
  3.348087810374829942E+00  9.999999999999861222E-01  2.236681988108636237E-11  0.000000000000000000E+00  0.000000000000000000E+00  2.500000000250028331E-01  3.008753125959648897E-19  2.500000000250027776E-01
  3.362063235213409662E+00  9.999999999999864553E-01  2.236681988108629775E-11  0.000000000000000000E+00  0.000000000000000000E+00  2.500000000250027776E-01  2.788407001494888410E-19  2.500000000250027776E-01
  3.376038660052548934E+00  9.999999999999863443E-01  2.236681988108622343E-11  0.000000000000000000E+00  0.000000000000000000E+00  2.500000000250027776E-01  2.584211464334492566E-19  2.500000000250027221E-01
  3.390014084892588819E+00  9.999999999999864553E-01  2.236681988108612326E-11  0.000000000000000000E+00  0.000000000000000000E+00  2.500000000250027221E-01  2.394982703344149219E-19  2.500000000250026666E-01
  3.403989509733153174E+00  9.999999999999863443E-01  2.236681988108620727E-11  0.000000000000000000E+00  0.000000000000000000E+00  2.500000000250026666E-01  2.219623710688503245E-19  2.500000000250026666E-01
  3.417964934574544866E+00  9.999999999999861222E-01  2.236681988108625574E-11  0.000000000000000000E+00  0.000000000000000000E+00  2.500000000250026666E-01  2.057117844531308198E-19  2.500000000250026111E-01
  3.431940359416431718E+00  9.999999999999861222E-01  2.236681988108619758E-11  0.000000000000000000E+00  0.000000000000000000E+00  2.500000000250026666E-01  1.906522888513394997E-19  2.500000000250026111E-01
  3.445915784259070413E+00  9.999999999999860112E-01  2.236681988108612003E-11  0.000000000000000000E+00  0.000000000000000000E+00  2.500000000250026111E-01  1.766965829442018029E-19  2.500000000250025556E-01
  3.459891209102184728E+00  9.999999999999861222E-01  2.236681988108612003E-11  0.000000000000000000E+00  0.000000000000000000E+00  2.500000000250025556E-01  1.637637555275059196E-19  2.500000000250025556E-01
  3.473866633945982940E+00  9.999999999999860112E-01  2.236681988108621050E-11  0.000000000000000000E+00  0.000000000000000000E+00  2.500000000250025001E-01  1.517788384605682071E-19  2.500000000250025001E-01
  3.487842058790235011E+00  9.999999999999862332E-01  2.236681988108622343E-11  0.000000000000000000E+00  0.000000000000000000E+00  2.500000000250026111E-01  1.406723504623202276E-19  2.500000000250026111E-01
  3.501817483635104811E+00  9.999999999999866773E-01  2.236681988108619112E-11  0.000000000000000000E+00  0.000000000000000000E+00  2.500000000250026111E-01  1.303799148662563515E-19  2.500000000250025556E-01
  3.515792908480412038E+00  9.999999999999864553E-01  2.236681988108622666E-11  0.000000000000000000E+00  0.000000000000000000E+00  2.500000000250025556E-01  1.208418756764067564E-19  2.500000000250026111E-01
  3.529768333326273488E+00  9.999999999999866773E-01  2.236681988108605218E-11  0.000000000000000000E+00  0.000000000000000000E+00  2.500000000250026111E-01  1.120029432262799431E-19  2.500000000250026111E-01
  3.543743758172558600E+00  9.999999999999862332E-01  2.236681988108600371E-11  0.000000000000000000E+00  0.000000000000000000E+00  2.500000000250026666E-01  1.038118779880251026E-19  2.500000000250026666E-01
  3.557719183019339759E+00  9.999999999999862332E-01  2.236681988108597140E-11  0.000000000000000000E+00  0.000000000000000000E+00  2.500000000250026111E-01  9.622119557072207487E-20  2.500000000250026111E-01
  3.571694607866532589E+00  9.999999999999864553E-01  2.236681988108593585E-11  0.000000000000000000E+00  0.000000000000000000E+00  2.500000000250026111E-01  8.918689179678353748E-20  2.500000000250026111E-01
  3.585670032714165067E+00  9.999999999999864553E-01  2.236681988108586800E-11  0.000000000000000000E+00  0.000000000000000000E+00  2.500000000250026666E-01  8.266818830085444508E-20  2.500000000250026666E-01
  3.599645457562199002E+00  9.999999999999866773E-01  2.236681988108588739E-11  0.000000000000000000E+00  0.000000000000000000E+00  2.500000000250025556E-01  7.662728532962808946E-20  2.500000000250025556E-01
  3.613620882410621515E+00  9.999999999999865663E-01  2.236681988108601663E-11  0.000000000000000000E+00  0.000000000000000000E+00  2.500000000250025556E-01  7.102916453013644610E-20  2.500000000250025556E-01
  3.627596307259433939E+00  9.999999999999864553E-01  2.236681988108608449E-11  0.000000000000000000E+00  0.000000000000000000E+00  2.500000000250026666E-01  6.584136536794094472E-20  2.500000000250026666E-01
  3.641571732108589643E+00  9.999999999999862332E-01  2.236681988108606510E-11  0.000000000000000000E+00  0.000000000000000000E+00  2.500000000250025556E-01  6.103381211036514777E-20  2.500000000250025556E-01
  3.655547156958122379E+00  9.999999999999861222E-01  2.236681988108612003E-11  0.000000000000000000E+00  0.000000000000000000E+00  2.500000000250026666E-01  5.657862766562156937E-20  2.500000000250026666E-01
  3.669522581807958872E+00  9.999999999999860112E-01  2.236681988108611357E-11  0.000000000000000000E+00  0.000000000000000000E+00  2.500000000250027221E-01  5.244998219821971808E-20  2.500000000250026111E-01
  3.683498006658159074E+00  9.999999999999856781E-01  2.236681988108611034E-11  0.000000000000000000E+00  0.000000000000000000E+00  2.500000000250027776E-01  4.862394305415771152E-20  2.500000000250027221E-01
  3.697473431508627062E+00  9.999999999999856781E-01  2.236681988108615234E-11  0.000000000000000000E+00  0.000000000000000000E+00  2.500000000250028886E-01  4.507833168657015378E-20  2.500000000250028331E-01
  3.711448856359442772E+00  9.999999999999859002E-01  2.236681988108611357E-11  0.000000000000000000E+00  0.000000000000000000E+00  2.500000000250028331E-01  4.179259588743037278E-20  2.500000000250028331E-01
  3.725424281210497401E+00  9.999999999999859002E-01  2.236681988108610064E-11  0.000000000000000000E+00  0.000000000000000000E+00  2.500000000250028331E-01  3.874769609043018561E-20  2.500000000250028331E-01
  3.739399706061883322E+00  9.999999999999856781E-01  2.236681988108609418E-11  0.000000000000000000E+00  0.000000000000000000E+00  2.500000000250028331E-01  3.592597117863972687E-20  2.500000000250028331E-01
  3.753375130913482849E+00  9.999999999999857891E-01  2.236681988108614265E-11  0.000000000000000000E+00  0.000000000000000000E+00  2.500000000250028331E-01  3.331106430459628176E-20  2.500000000250028331E-01
  3.767350555765397235E+00  9.999999999999855671E-01  2.236681988108617496E-11  0.000000000000000000E+00  0.000000000000000000E+00  2.500000000250028886E-01  3.088782233256024221E-20  2.500000000250028886E-01
  3.781325980617503468E+00  9.999999999999857891E-01  2.236681988108616527E-11  0.000000000000000000E+00  0.000000000000000000E+00  2.500000000250029997E-01  2.864219181056663873E-20  2.500000000250028886E-01
  3.795301405469904577E+00  9.999999999999856781E-01  2.236681988108621374E-11  0.000000000000000000E+00  0.000000000000000000E+00  2.500000000250029997E-01  2.656115909043346670E-20  2.500000000250029997E-01
  3.809276830322478880E+00  9.999999999999861222E-01  2.236681988108618789E-11  0.000000000000000000E+00  0.000000000000000000E+00  2.500000000250029997E-01  2.463266120244079965E-20  2.500000000250029442E-01
  3.823252255175331626E+00  9.999999999999861222E-01  2.236681988108616527E-11  0.000000000000000000E+00  0.000000000000000000E+00  2.500000000250031107E-01  2.284551995231583184E-20  2.500000000250031107E-01
  3.837227680028342469E+00  9.999999999999859002E-01  2.236681988108617819E-11  0.000000000000000000E+00  0.000000000000000000E+00  2.500000000250030552E-01  2.118937486586685930E-20  2.500000000250030552E-01
  3.851203104881612660E+00  9.999999999999859002E-01  2.236681988108616850E-11  0.000000000000000000E+00  0.000000000000000000E+00  2.500000000250031107E-01  1.965462507503147254E-20  2.500000000250031107E-01
  3.865178529735028068E+00  9.999999999999856781E-01  2.236681988108615557E-11  0.000000000000000000E+00  0.000000000000000000E+00  2.500000000250031107E-01  1.823236831591861313E-20  2.500000000250030552E-01
  3.879153954588683284E+00  9.999999999999855671E-01  2.236681988108615881E-11  0.000000000000000000E+00  0.000000000000000000E+00  2.500000000250031107E-01  1.691435842322893568E-20  2.500000000250031107E-01
  3.893129379442473947E+00  9.999999999999857891E-01  2.236681988108618465E-11  0.000000000000000000E+00  0.000000000000000000E+00  2.500000000250031107E-01  1.569295209533335536E-20  2.500000000250030552E-01
  3.907104804296486211E+00  9.999999999999853451E-01  2.236681988108615234E-11  0.000000000000000000E+00  0.000000000000000000E+00  2.500000000250032217E-01  1.456106508550643405E-20  2.500000000250031662E-01
  3.921080229150625485E+00  9.999999999999853451E-01  2.236681988108613619E-11  0.000000000000000000E+00  0.000000000000000000E+00  2.500000000250032217E-01  1.351213774356079268E-20  2.500000000250031662E-01
  3.935055654004967707E+00  9.999999999999851230E-01  2.236681988108617173E-11  0.000000000000000000E+00  0.000000000000000000E+00  2.500000000250032217E-01  1.254008635405040741E-20  2.500000000250032217E-01
  3.949031078859429833E+00  9.999999999999851230E-01  2.236681988108613942E-11  0.000000000000000000E+00  0.000000000000000000E+00  2.500000000250032217E-01  1.163927500858729679E-20  2.500000000250032217E-01
  3.963006503714078477E+00  9.999999999999852340E-01  2.236681988108610064E-11  0.000000000000000000E+00  0.000000000000000000E+00  2.500000000250032217E-01  1.080448513747466033E-20  2.500000000250032217E-01
  3.976981928568840363E+00  9.999999999999849010E-01  2.236681988108607803E-11  0.000000000000000000E+00  0.000000000000000000E+00  2.500000000250032217E-01  1.003088313768777538E-20  2.500000000250031662E-01
  3.990957353423772336E+00  9.999999999999847899E-01  2.236681988108606510E-11  0.000000000000000000E+00  0.000000000000000000E+00  2.500000000250032772E-01  9.313982125282046584E-21  2.500000000250033327E-01
  4.004932778278811334E+00  9.999999999999849010E-01  2.236681988108608449E-11  0.000000000000000000E+00  0.000000000000000000E+00  2.500000000250033882E-01  8.649629908204942817E-21  2.500000000250033327E-01
  4.018908203134004431E+00  9.999999999999844569E-01  2.236681988108608449E-11  0.000000000000000000E+00  0.000000000000000000E+00  2.500000000250033327E-01  8.033975918530405899E-21  2.500000000250033327E-01
  4.032883627989304109E+00  9.999999999999846789E-01  2.236681988108606833E-11  0.000000000000000000E+00  0.000000000000000000E+00  2.500000000250033882E-01  7.463449929116602516E-21  2.500000000250033882E-01
  4.046859052844743232E+00  9.999999999999844569E-01  2.236681988108606833E-11  0.000000000000000000E+00  0.000000000000000000E+00  2.500000000250034438E-01  6.934743293877706747E-21  2.500000000250033882E-01
  4.060834477700278278E+00  9.999999999999845679E-01  2.236681988108608449E-11  0.000000000000000000E+00  0.000000000000000000E+00  2.500000000250034993E-01  6.444792907010136925E-21  2.500000000250034993E-01
  4.074809902555940333E+00  9.999999999999846789E-01  2.236681988108608772E-11  0.000000000000000000E+00  0.000000000000000000E+00  2.500000000250036103E-01  5.990756287346041263E-21  2.500000000250036103E-01
  4.088785327411694759E+00  9.999999999999846789E-01  2.236681988108609418E-11  0.000000000000000000E+00  0.000000000000000000E+00  2.500000000250036658E-01  5.569999734106344034E-21  2.500000000250036658E-01
  4.102760752267567312E+00  9.999999999999844569E-01  2.236681988108611680E-11  0.000000000000000000E+00  0.000000000000000000E+00  2.500000000250036658E-01  5.180080773954283424E-21  2.500000000250036658E-01
  4.116736177123531348E+00  9.999999999999844569E-01  2.236681988108612326E-11  0.000000000000000000E+00  0.000000000000000000E+00  2.500000000250037213E-01  4.818740977939557103E-21  2.500000000250037213E-01
  4.130711601979594860E+00  9.999999999999842348E-01  2.236681988108610064E-11  0.000000000000000000E+00  0.000000000000000000E+00  2.500000000250037213E-01  4.483883917472164240E-21  2.500000000250037213E-01
  4.144687026835746302E+00  9.999999999999843459E-01  2.236681988108608126E-11  0.000000000000000000E+00  0.000000000000000000E+00  2.500000000250037213E-01  4.173565913123408049E-21  2.500000000250037213E-01
  4.158662451691990114E+00  9.999999999999844569E-01  2.236681988108606187E-11  0.000000000000000000E+00  0.000000000000000000E+00  2.500000000250037768E-01  3.885990575355414716E-21  2.500000000250037213E-01
  4.172637876548318303E+00  9.999999999999845679E-01  2.236681988108606187E-11  0.000000000000000000E+00  0.000000000000000000E+00  2.500000000250037768E-01  3.619490663328251168E-21  2.500000000250037213E-01
  4.186613301404727316E+00  9.999999999999845679E-01  2.236681988108607479E-11  0.000000000000000000E+00  0.000000000000000000E+00  2.500000000250039434E-01  3.372522887732775861E-21  2.500000000250038878E-01
  4.200588726261218930E+00  9.999999999999842348E-01  2.236681988108610388E-11  0.000000000000000000E+00  0.000000000000000000E+00  2.500000000250039434E-01  3.143655200437057176E-21  2.500000000250039434E-01
  4.214564151117782487E+00  9.999999999999844569E-01  2.236681988108612972E-11  0.000000000000000000E+00  0.000000000000000000E+00  2.500000000250040544E-01  2.931563190825113504E-21  2.500000000250040544E-01
  4.228539575974437525E+00  9.999999999999844569E-01  2.236681988108613619E-11  0.000000000000000000E+00  0.000000000000000000E+00  2.500000000250039989E-01  2.735020727254425467E-21  2.500000000250039989E-01
  4.242515000831143190E+00  9.999999999999847899E-01  2.236681988108614911E-11  0.000000000000000000E+00  0.000000000000000000E+00  2.500000000250039989E-01  2.552886234248768266E-21  2.500000000250039989E-01
  4.256490425687932344E+00  9.999999999999846789E-01  2.236681988108614911E-11  0.000000000000000000E+00  0.000000000000000000E+00  2.500000000250041099E-01  2.384104169939495816E-21  2.500000000250041099E-01
  4.270465850544771236E+00  9.999999999999850120E-01  2.236681988108614911E-11  0.000000000000000000E+00  0.000000000000000000E+00  2.500000000250041654E-01  2.227694476580406919E-21  2.500000000250041099E-01
  4.284441275401690952E+00  9.999999999999850120E-01  2.236681988108615234E-11  0.000000000000000000E+00  0.000000000000000000E+00  2.500000000250042209E-01  2.082750387939376541E-21  2.500000000250041654E-01
  4.298416700258653300E+00  9.999999999999846789E-01  2.236681988108614588E-11  0.000000000000000000E+00  0.000000000000000000E+00  2.500000000250042764E-01  1.948430559339975327E-21  2.500000000250042764E-01
  4.312392125115687591E+00  9.999999999999847899E-01  2.236681988108614911E-11  0.000000000000000000E+00  0.000000000000000000E+00  2.500000000250043319E-01  1.823954169303407894E-21  2.500000000250042764E-01
  4.326367549972765403E+00  9.999999999999846789E-01  2.236681988108613296E-11  0.000000000000000000E+00  0.000000000000000000E+00  2.500000000250044430E-01  1.708600452937768501E-21  2.500000000250044430E-01
  4.340342974829908052E+00  9.999999999999849010E-01  2.236681988108613296E-11  0.000000000000000000E+00  0.000000000000000000E+00  2.500000000250044985E-01  1.601700802158640863E-21  2.500000000250044985E-01
  4.354318399687088892E+00  9.999999999999847899E-01  2.236681988108613942E-11  0.000000000000000000E+00  0.000000000000000000E+00  2.500000000250046095E-01  1.502634605980258674E-21  2.500000000250045540E-01
  4.368293824544328352E+00  9.999999999999851230E-01  2.236681988108613619E-11  0.000000000000000000E+00  0.000000000000000000E+00  2.500000000250047205E-01  1.410826744696762645E-21  2.500000000250046095E-01
  4.382269249401615774E+00  9.999999999999853451E-01  2.236681988108612972E-11  0.000000000000000000E+00  0.000000000000000000E+00  2.500000000250047760E-01  1.325747012431654644E-21  2.500000000250047760E-01
  4.396244674258964480E+00  9.999999999999856781E-01  2.236681988108613942E-11  0.000000000000000000E+00  0.000000000000000000E+00  2.500000000250048870E-01  1.246903654736087453E-21  2.500000000250048315E-01
  4.410220099116340720E+00  9.999999999999854561E-01  2.236681988108613942E-11  0.000000000000000000E+00  0.000000000000000000E+00  2.500000000250048870E-01  1.173837476203070477E-21  2.500000000250048870E-01
  4.424195523973778243E+00  9.999999999999855671E-01  2.236681988108612649E-11  0.000000000000000000E+00  0.000000000000000000E+00  2.500000000250049981E-01  1.106126923352683879E-21  2.500000000250049981E-01
  4.438170948831238860E+00  9.999999999999854561E-01  2.236681988108612326E-11  0.000000000000000000E+00  0.000000000000000000E+00  2.500000000250052201E-01  1.043380074464576461E-21  2.500000000250051646E-01
  4.452146373688742997E+00  9.999999999999856781E-01  2.236681988108612972E-11  0.000000000000000000E+00  0.000000000000000000E+00  2.500000000250053867E-01  9.852320391257167165E-22  2.500000000250053867E-01
  4.466121798546286215E+00  9.999999999999861222E-01  2.236681988108612649E-11  0.000000000000000000E+00  0.000000000000000000E+00  2.500000000250055532E-01  9.313471322550945090E-22  2.500000000250054977E-01
  4.480097223403869400E+00  9.999999999999860112E-01  2.236681988108611680E-11  0.000000000000000000E+00  0.000000000000000000E+00  2.500000000250056642E-01  8.814119587631858920E-22  2.500000000250056087E-01
  4.494072648261478342E+00  9.999999999999861222E-01  2.236681988108610388E-11  0.000000000000000000E+00  0.000000000000000000E+00  2.500000000250057197E-01  8.351356324999093071E-22  2.500000000250057197E-01
  4.508048073119136134E+00  9.999999999999861222E-01  2.236681988108611357E-11  0.000000000000000000E+00  0.000000000000000000E+00  2.500000000250059418E-01  7.922514170991007546E-22  2.500000000250058863E-01
  4.522023497976817907E+00  9.999999999999860112E-01  2.236681988108611357E-11  0.000000000000000000E+00  0.000000000000000000E+00  2.500000000250060528E-01  7.525093480953921815E-22  2.500000000250059973E-01
  4.535998922834536096E+00  9.999999999999860112E-01  2.236681988108610064E-11  0.000000000000000000E+00  0.000000000000000000E+00  2.500000000250060528E-01  7.156802824293918903E-22  2.500000000250060528E-01
  4.549974347692272936E+00  9.999999999999855671E-01  2.236681988108610711E-11  0.000000000000000000E+00  0.000000000000000000E+00  2.500000000250060528E-01  6.815526339239803585E-22  2.500000000250060528E-01
  4.563949772550047079E+00  9.999999999999859002E-01  2.236681988108611357E-11  0.000000000000000000E+00  0.000000000000000000E+00  2.500000000250060528E-01  6.499284300609607677E-22  2.500000000250060528E-01
  4.577925197407862079E+00  9.999999999999856781E-01  2.236681988108611680E-11  0.000000000000000000E+00  0.000000000000000000E+00  2.500000000250060528E-01  6.206256229684042822E-22  2.500000000250060528E-01
  4.591900622265694842E+00  9.999999999999856781E-01  2.236681988108611680E-11  0.000000000000000000E+00  0.000000000000000000E+00  2.500000000250061083E-01  5.934720951037736250E-22  2.500000000250060528E-01
  4.605876047123554251E+00  9.999999999999864553E-01  2.236681988108611357E-11  0.000000000000000000E+00  0.000000000000000000E+00  2.500000000250060528E-01  5.683120678370172772E-22  2.500000000250060528E-01
  4.619851471981437641E+00  9.999999999999862332E-01  2.236681988108611357E-11  0.000000000000000000E+00  0.000000000000000000E+00  2.500000000250060528E-01  5.449964701004276320E-22  2.500000000250060528E-01
  4.633826896839341458E+00  9.999999999999863443E-01  2.236681988108610388E-11  0.000000000000000000E+00  0.000000000000000000E+00  2.500000000250060528E-01  5.233889610461096606E-22  2.500000000250061083E-01
  4.647802321697272809E+00  9.999999999999862332E-01  2.236681988108611034E-11  0.000000000000000000E+00  0.000000000000000000E+00  2.500000000250060528E-01  5.033634487177870597E-22  2.500000000250060528E-01
  4.661777746555221036E+00  9.999999999999864553E-01  2.236681988108611680E-11  0.000000000000000000E+00  0.000000000000000000E+00  2.500000000250060528E-01  4.848041788938179900E-22  2.500000000250059973E-01
  4.675753171413196796E+00  9.999999999999866773E-01  2.236681988108612003E-11  0.000000000000000000E+00  0.000000000000000000E+00  2.500000000250061083E-01  4.676044819451247112E-22  2.500000000250059973E-01
  4.689728596271189431E+00  9.999999999999868994E-01  2.236681988108612003E-11  0.000000000000000000E+00  0.000000000000000000E+00  2.500000000250060528E-01  4.516648219463389439E-22  2.500000000250059973E-01
  4.703704021129204271E+00  9.999999999999872324E-01  2.236681988108612326E-11  0.000000000000000000E+00  0.000000000000000000E+00  2.500000000250059973E-01  4.368934279195620904E-22  2.500000000250059973E-01
  4.717679445987241316E+00  9.999999999999871214E-01  2.236681988108612003E-11  0.000000000000000000E+00  0.000000000000000000E+00  2.500000000250060528E-01  4.232046826086923407E-22  2.500000000250059973E-01
  4.731654870845289906E+00  9.999999999999873435E-01  2.236681988108612649E-11  0.000000000000000000E+00  0.000000000000000000E+00  2.500000000250059973E-01  4.105193156133590427E-22  2.500000000250059418E-01
  4.745630295703371360E+00  9.999999999999872324E-01  2.236681988108612326E-11  0.000000000000000000E+00  0.000000000000000000E+00  2.500000000250060528E-01  3.987630130473695233E-22  2.500000000250059418E-01
  4.759605720561452813E+00  9.999999999999873435E-01  2.236681988108611357E-11  0.000000000000000000E+00  0.000000000000000000E+00  2.500000000250060528E-01  3.878683059683526659E-22  2.500000000250059973E-01
  4.773581145419575122E+00  9.999999999999872324E-01  2.236681988108611357E-11  0.000000000000000000E+00  0.000000000000000000E+00  2.500000000250060528E-01  3.777716930438073111E-22  2.500000000250059973E-01
  4.787556570277700985E+00  9.999999999999868994E-01  2.236681988108611357E-11  0.000000000000000000E+00  0.000000000000000000E+00  2.500000000250059418E-01  3.684147544307805422E-22  2.500000000250059418E-01
  4.801531995135826847E+00  9.999999999999867883E-01  2.236681988108611357E-11  0.000000000000000000E+00  0.000000000000000000E+00  2.500000000250059973E-01  3.597433176521935368E-22  2.500000000250059973E-01
  4.815507419993980243E+00  9.999999999999868994E-01  2.236681988108611680E-11  0.000000000000000000E+00  0.000000000000000000E+00  2.500000000250059973E-01  3.517069128869172376E-22  2.500000000250059418E-01
  4.829482844852150514E+00  9.999999999999868994E-01  2.236681988108610711E-11  0.000000000000000000E+00  0.000000000000000000E+00  2.500000000250059973E-01  3.442593274946215224E-22  2.500000000250059973E-01
  4.843458269710320785E+00  9.999999999999867883E-01  2.236681988108610711E-11  0.000000000000000000E+00  0.000000000000000000E+00  2.500000000250060528E-01  3.373583014839562394E-22  2.500000000250059973E-01
  4.857433694568527471E+00  9.999999999999866773E-01  2.236681988108611357E-11  0.000000000000000000E+00  0.000000000000000000E+00  2.500000000250059973E-01  3.309639807994872472E-22  2.500000000250059973E-01
  4.871409119426742151E+00  9.999999999999871214E-01  2.236681988108611034E-11  0.000000000000000000E+00  0.000000000000000000E+00  2.500000000250059418E-01  3.250393679543685549E-22  2.500000000250059418E-01
  4.885384544284956831E+00  9.999999999999871214E-01  2.236681988108610388E-11  0.000000000000000000E+00  0.000000000000000000E+00  2.500000000250059973E-01  3.195506396981467470E-22  2.500000000250059973E-01
  4.899359969143171512E+00  9.999999999999874545E-01  2.236681988108609741E-11  0.000000000000000000E+00  0.000000000000000000E+00  2.500000000250059973E-01  3.144656361776046785E-22  2.500000000250059973E-01
  4.913335394001428824E+00  9.999999999999874545E-01  2.236681988108610711E-11  0.000000000000000000E+00  0.000000000000000000E+00  2.500000000250059973E-01  3.097543978747792672E-22  2.500000000250059973E-01
  4.927310818859687913E+00  9.999999999999875655E-01  2.236681988108611034E-11  0.000000000000000000E+00  0.000000000000000000E+00  2.500000000250060528E-01  3.053887470500450339E-22  2.500000000250059973E-01
  4.941286243717947002E+00  9.999999999999874545E-01  2.236681988108610711E-11  0.000000000000000000E+00  0.000000000000000000E+00  2.500000000250059973E-01  3.013430772357092212E-22  2.500000000250059973E-01
  4.955261668576206091E+00  9.999999999999872324E-01  2.236681988108611034E-11  0.000000000000000000E+00  0.000000000000000000E+00  2.500000000250060528E-01  2.975933334701516115E-22  2.500000000250060528E-01
  4.969237093434499819E+00  9.999999999999871214E-01  2.236681988108610388E-11  0.000000000000000000E+00  0.000000000000000000E+00  2.500000000250059973E-01  2.941172687619690009E-22  2.500000000250059973E-01
  4.983212518292803317E+00  9.999999999999871214E-01  2.236681988108610064E-11  0.000000000000000000E+00  0.000000000000000000E+00  2.500000000250059973E-01  2.908947541875048325E-22  2.500000000250060528E-01
  4.997187943151106815E+00  9.999999999999868994E-01  2.236681988108610064E-11  0.000000000000000000E+00  0.000000000000000000E+00  2.500000000250059973E-01  2.879074035281359663E-22  2.500000000250059973E-01
