  #time                     mass                      x-momentum                y-momentum                z-momentum                E_total                   E_kinetic                 E_internal                MagEnergy                
  0.000000000000000000E+00  1.000000000000002887E+00  2.236695972976478458E-11  0.000000000000000000E+00  0.000000000000000000E+00  2.500000000250037213E-01  2.500037701205071495E-11  2.500000000000033307E-01  0.000000000000000000E+00
  1.537311643876792394E-02  1.000000000000002665E+00  2.236695973225762260E-11  0.000000000000000000E+00  0.000000000000000000E+00  2.500000000250037213E-01  2.461024337198953299E-11  2.500000000003934630E-01  0.000000000000000000E+00
  4.332359902855165146E-02  1.000000000000002887E+00  2.236695973137435204E-11  0.000000000000000000E+00  0.000000000000000000E+00  2.500000000250037768E-01  2.391645563926473447E-11  2.500000000010874079E-01  0.000000000000000000E+00
  7.127410087536867334E-02  1.000000000000003109E+00  2.236695973053774286E-11  0.000000000000000000E+00  0.000000000000000000E+00  2.500000000250037213E-01  2.324222623877797936E-11  2.500000000017614799E-01  0.000000000000000000E+00
  9.922459379433568039E-02  1.000000000000003331E+00  2.236695972947097067E-11  0.000000000000000000E+00  0.000000000000000000E+00  2.500000000250036658E-01  2.258700449002556775E-11  2.500000000024166780E-01  0.000000000000000000E+00
  1.271751054522520241E-01  1.000000000000003331E+00  2.236695972656265211E-11  0.000000000000000000E+00  0.000000000000000000E+00  2.500000000250036658E-01  2.195025376118357421E-11  2.500000000030533909E-01  0.000000000000000000E+00
  1.551256084400612634E-01  1.000000000000003331E+00  2.236695972613039854E-11  0.000000000000000000E+00  0.000000000000000000E+00  2.500000000250036103E-01  2.133145383569301925E-11  2.500000000036721737E-01  0.000000000000000000E+00
  1.830761296013539430E-01  1.000000000000003331E+00  2.236695972572151282E-11  0.000000000000000000E+00  0.000000000000000000E+00  2.500000000250034993E-01  2.073009795867655505E-11  2.500000000042734150E-01  0.000000000000000000E+00
  2.110266424034298316E-01  1.000000000000003109E+00  2.236695972619720953E-11  0.000000000000000000E+00  0.000000000000000000E+00  2.500000000250034438E-01  2.014569496983905860E-11  2.500000000048577253E-01  0.000000000000000000E+00
  2.389771727686434422E-01  1.000000000000003553E+00  2.236695972543099471E-11  0.000000000000000000E+00  0.000000000000000000E+00  2.500000000250034993E-01  1.957776649739141333E-11  2.500000000054257154E-01  0.000000000000000000E+00
  2.669276951346351567E-01  1.000000000000003109E+00  2.236695972639869263E-11  0.000000000000000000E+00  0.000000000000000000E+00  2.500000000250034438E-01  1.902584878136367156E-11  2.500000000059776628E-01  0.000000000000000000E+00
  2.948782344185915116E-01  1.000000000000003331E+00  2.236695972504599707E-11  0.000000000000000000E+00  0.000000000000000000E+00  2.500000000250035548E-01  1.848949004387735152E-11  2.500000000065140671E-01  0.000000000000000000E+00
  3.228287661036454148E-01  1.000000000000003109E+00  2.236695972519925166E-11  0.000000000000000000E+00  0.000000000000000000E+00  2.500000000250034993E-01  1.796825214547426013E-11  2.500000000070352613E-01  0.000000000000000000E+00
  3.507793140311379343E-01  1.000000000000003331E+00  2.236695972693053099E-11  0.000000000000000000E+00  0.000000000000000000E+00  2.500000000250034993E-01  1.746170826747445148E-11  2.500000000075418005E-01  0.000000000000000000E+00
  3.787298547969359941E-01  1.000000000000003109E+00  2.236695972622112022E-11  0.000000000000000000E+00  0.000000000000000000E+00  2.500000000250034993E-01  1.696944449259417101E-11  2.500000000080340179E-01  0.000000000000000000E+00
  4.066804111024183710E-01  1.000000000000003109E+00  2.236695972580347156E-11  0.000000000000000000E+00  0.000000000000000000E+00  2.500000000250033882E-01  1.649105775862390166E-11  2.500000000085123575E-01  0.000000000000000000E+00
  4.346309607158269639E-01  1.000000000000003109E+00  2.236695972738633982E-11  0.000000000000000000E+00  0.000000000000000000E+00  2.500000000250033882E-01  1.602615725363992919E-11  2.500000000089772079E-01  0.000000000000000000E+00
  4.625815251412046525E-01  1.000000000000002665E+00  2.236695972657530215E-11  0.000000000000000000E+00  0.000000000000000000E+00  2.500000000250034438E-01  1.557436249702953517E-11  2.500000000094290686E-01  0.000000000000000000E+00
  4.905320833737496500E-01  1.000000000000002665E+00  2.236695972754267049E-11  0.000000000000000000E+00  0.000000000000000000E+00  2.500000000250033882E-01  1.513530448370156856E-11  2.500000000098680508E-01  0.000000000000000000E+00
  5.184826556648698404E-01  1.000000000000002442E+00  2.236695972763526625E-11  0.000000000000000000E+00  0.000000000000000000E+00  2.500000000250034438E-01  1.470862390024383149E-11  2.500000000102948206E-01  0.000000000000000000E+00
  5.464332222930240457E-01  1.000000000000002887E+00  2.236695972683600945E-11  0.000000000000000000E+00  0.000000000000000000E+00  2.500000000250034993E-01  1.429397213054554923E-11  2.500000000107095444E-01  0.000000000000000000E+00
  5.743838022098842755E-01  1.000000000000002887E+00  2.236695972708634791E-11  0.000000000000000000E+00  0.000000000000000000E+00  2.500000000250034993E-01  1.389100971465397754E-11  2.500000000111124998E-01  0.000000000000000000E+00
  6.023343770158949839E-01  1.000000000000003109E+00  2.236695972717844930E-11  0.000000000000000000E+00  0.000000000000000000E+00  2.500000000250035548E-01  1.349940729796067888E-11  2.500000000115041310E-01  0.000000000000000000E+00
  6.302849643269526903E-01  1.000000000000003109E+00  2.236695972694140389E-11  0.000000000000000000E+00  0.000000000000000000E+00  2.500000000250034438E-01  1.311884430744577816E-11  2.500000000118846044E-01  0.000000000000000000E+00
  6.582355470980099099E-01  1.000000000000003331E+00  2.236695972771124085E-11  0.000000000000000000E+00  0.000000000000000000E+00  2.500000000250034993E-01  1.274900976559866329E-11  2.500000000122544752E-01  0.000000000000000000E+00
  6.861861415792169794E-01  1.000000000000003109E+00  2.236695972672850505E-11  0.000000000000000000E+00  0.000000000000000000E+00  2.500000000250033882E-01  1.238960106288693054E-11  2.500000000126137434E-01  0.000000000000000000E+00
  7.141367321066823814E-01  1.000000000000003331E+00  2.236695972526413041E-11  0.000000000000000000E+00  0.000000000000000000E+00  2.500000000250033327E-01  1.204032457778644872E-11  2.500000000129629640E-01  0.000000000000000000E+00
  7.420873335409243765E-01  1.000000000000003331E+00  2.236695972385950018E-11  0.000000000000000000E+00  0.000000000000000000E+00  2.500000000250033327E-01  1.170089456032423675E-11  2.500000000133024147E-01  0.000000000000000000E+00
  7.700379316208548763E-01  1.000000000000002887E+00  2.236695972383607417E-11  0.000000000000000000E+00  0.000000000000000000E+00  2.500000000250033327E-01  1.137103363614189984E-11  2.500000000136322620E-01  0.000000000000000000E+00
  7.979885397926597124E-01  1.000000000000003109E+00  2.236695972505789748E-11  0.000000000000000000E+00  0.000000000000000000E+00  2.500000000250033327E-01  1.105047176178592066E-11  2.500000000139528944E-01  0.000000000000000000E+00
  8.259391452264792655E-01  1.000000000000002887E+00  2.236695972465074044E-11  0.000000000000000000E+00  0.000000000000000000E+00  2.500000000250033327E-01  1.073894686008756551E-11  2.500000000142643675E-01  0.000000000000000000E+00
  8.538897599336150446E-01  1.000000000000003331E+00  2.236695972380468331E-11  0.000000000000000000E+00  0.000000000000000000E+00  2.500000000250032772E-01  1.043620399166052924E-11  2.500000000145671808E-01  0.000000000000000000E+00
  8.818403725273973315E-01  1.000000000000003775E+00  2.236695972326346162E-11  0.000000000000000000E+00  0.000000000000000000E+00  2.500000000250032772E-01  1.014199572969372426E-11  2.500000000148612789E-01  0.000000000000000000E+00
  9.097909935743334620E-01  1.000000000000003997E+00  2.236695972151125721E-11  0.000000000000000000E+00  0.000000000000000000E+00  2.500000000250032772E-01  9.856081425640115978E-12  2.500000000151472168E-01  0.000000000000000000E+00
  9.377416131379624487E-01  1.000000000000003775E+00  2.236695972287362691E-11  0.000000000000000000E+00  0.000000000000000000E+00  2.500000000250033882E-01  9.578227442192780405E-12  2.500000000154251611E-01  0.000000000000000000E+00
  9.656922403350325368E-01  1.000000000000003997E+00  2.236695972306998537E-11  0.000000000000000000E+00  0.000000000000000000E+00  2.500000000250033882E-01  9.308206495843112052E-12  2.500000000156951674E-01  0.000000000000000000E+00
  9.936428666827724632E-01  1.000000000000003997E+00  2.236695972321195347E-11  0.000000000000000000E+00  0.000000000000000000E+00  2.500000000250033327E-01  9.045797835611827825E-12  2.500000000159575131E-01  0.000000000000000000E+00
  1.021593499846548125E+00  1.000000000000003775E+00  2.236695972283318553E-11  0.000000000000000000E+00  0.000000000000000000E+00  2.500000000250033327E-01  8.790786732765129399E-12  2.500000000162125313E-01  0.000000000000000000E+00
  1.049544132797694207E+00  1.000000000000004219E+00  2.236695972251077250E-11  0.000000000000000000E+00  0.000000000000000000E+00  2.500000000250033882E-01  8.542964644492218739E-12  2.500000000164603886E-01  0.000000000000000000E+00
  1.077494771747437019E+00  1.000000000000004219E+00  2.236695972277431677E-11  0.000000000000000000E+00  0.000000000000000000E+00  2.500000000250032217E-01  8.302128812487786573E-12  2.500000000167011405E-01  0.000000000000000000E+00
  1.105445411125603794E+00  1.000000000000003775E+00  2.236695972354620552E-11  0.000000000000000000E+00  0.000000000000000000E+00  2.500000000250032217E-01  8.068082347558265253E-12  2.500000000169351200E-01  0.000000000000000000E+00
  1.133396055689422477E+00  1.000000000000003775E+00  2.236695972421463855E-11  0.000000000000000000E+00  0.000000000000000000E+00  2.500000000250031107E-01  7.840633858503138498E-12  2.500000000171624936E-01  0.000000000000000000E+00
  1.161346701321712249E+00  1.000000000000003553E+00  2.236695972327260907E-11  0.000000000000000000E+00  0.000000000000000000E+00  2.500000000250031107E-01  7.619597434685362164E-12  2.500000000173835391E-01  0.000000000000000000E+00
  1.189297351333761465E+00  1.000000000000003775E+00  2.236695972344510208E-11  0.000000000000000000E+00  0.000000000000000000E+00  2.500000000250032217E-01  7.404792320860503593E-12  2.500000000175983672E-01  0.000000000000000000E+00
  1.217248003051330407E+00  1.000000000000003775E+00  2.236695972308970199E-11  0.000000000000000000E+00  0.000000000000000000E+00  2.500000000250032217E-01  7.196042864386594341E-12  2.500000000178072002E-01  0.000000000000000000E+00
  1.245198658351108545E+00  1.000000000000003997E+00  2.236695972295820289E-11  0.000000000000000000E+00  0.000000000000000000E+00  2.500000000250031662E-01  6.993178292926794055E-12  2.500000000180100379E-01  0.000000000000000000E+00
  1.273149315989819286E+00  1.000000000000003997E+00  2.236695972272720948E-11  0.000000000000000000E+00  0.000000000000000000E+00  2.500000000250031662E-01  6.796032662958983048E-12  2.500000000182071025E-01  0.000000000000000000E+00
  1.301099976422662063E+00  1.000000000000003997E+00  2.236695972155786366E-11  0.000000000000000000E+00  0.000000000000000000E+00  2.500000000250031107E-01  6.604444715929485945E-12  2.500000000183987270E-01  0.000000000000000000E+00
  1.329050639822375590E+00  1.000000000000003997E+00  2.236695972182734360E-11  0.000000000000000000E+00  0.000000000000000000E+00  2.500000000250032217E-01  6.418257778653437536E-12  2.500000000185849114E-01  0.000000000000000000E+00
  1.357001305263445756E+00  1.000000000000003997E+00  2.236695972214844800E-11  0.000000000000000000E+00  0.000000000000000000E+00  2.500000000250032772E-01  6.237319634641659739E-12  2.500000000187659333E-01  0.000000000000000000E+00
  1.384951974239952976E+00  1.000000000000003775E+00  2.236695972172143217E-11  0.000000000000000000E+00  0.000000000000000000E+00  2.500000000250033327E-01  6.061482351900318090E-12  2.500000000189418481E-01  0.000000000000000000E+00
  1.412902644572348043E+00  1.000000000000003553E+00  2.236695972140733295E-11  0.000000000000000000E+00  0.000000000000000000E+00  2.500000000250033327E-01  5.890602175629454160E-12  2.500000000191127114E-01  0.000000000000000000E+00
  1.440853318942317607E+00  1.000000000000003553E+00  2.236695972099274098E-11  0.000000000000000000E+00  0.000000000000000000E+00  2.500000000250033882E-01  5.724539340837298332E-12  2.500000000192788563E-01  0.000000000000000000E+00
  1.468803994051268491E+00  1.000000000000003775E+00  2.236695971988286816E-11  0.000000000000000000E+00  0.000000000000000000E+00  2.500000000250033327E-01  5.563158029612035541E-12  2.500000000194402272E-01  0.000000000000000000E+00
  1.496754673640017685E+00  1.000000000000003553E+00  2.236695971933177523E-11  0.000000000000000000E+00  0.000000000000000000E+00  2.500000000250033882E-01  5.406326201063759391E-12  2.500000000195970462E-01  0.000000000000000000E+00
  1.524705353413608133E+00  1.000000000000003331E+00  2.236695971955608335E-11  0.000000000000000000E+00  0.000000000000000000E+00  2.500000000250033882E-01  5.253915597685289120E-12  2.500000000197494798E-01  0.000000000000000000E+00
  1.552656038052502963E+00  1.000000000000003109E+00  2.236695971907078683E-11  0.000000000000000000E+00  0.000000000000000000E+00  2.500000000250032772E-01  5.105801555258721177E-12  2.500000000198974726E-01  0.000000000000000000E+00
  1.580606722381012519E+00  1.000000000000003553E+00  2.236695971875809317E-11  0.000000000000000000E+00  0.000000000000000000E+00  2.500000000250032217E-01  4.961863004658583607E-12  2.500000000200413575E-01  0.000000000000000000E+00
  1.608557411906582413E+00  1.000000000000003553E+00  2.236695972004675332E-11  0.000000000000000000E+00  0.000000000000000000E+00  2.500000000250032217E-01  4.821982242713881057E-12  2.500000000201812456E-01  0.000000000000000000E+00
  1.636508100681721922E+00  1.000000000000003331E+00  2.236695971953564941E-11  0.000000000000000000E+00  0.000000000000000000E+00  2.500000000250033882E-01  4.686044932142095623E-12  2.500000000203173034E-01  0.000000000000000000E+00
  1.664458794934561725E+00  1.000000000000003331E+00  2.236695972127364635E-11  0.000000000000000000E+00  0.000000000000000000E+00  2.500000000250033882E-01  4.553939872383262003E-12  2.500000000204494754E-01  0.000000000000000000E+00
  1.692409488050085509E+00  1.000000000000003109E+00  2.236695972122989948E-11  0.000000000000000000E+00  0.000000000000000000E+00  2.500000000250034438E-01  4.425559036773877822E-12  2.500000000205779283E-01  0.000000000000000000E+00
  1.720360186875974140E+00  1.000000000000002887E+00  2.236695972209333710E-11  0.000000000000000000E+00  0.000000000000000000E+00  2.500000000250034438E-01  4.300797370115409333E-12  2.500000000207026618E-01  0.000000000000000000E+00
  1.748310884228399198E+00  1.000000000000003109E+00  2.236695972121325893E-11  0.000000000000000000E+00  0.000000000000000000E+00  2.500000000250034438E-01  4.179552852976218388E-12  2.500000000208238427E-01  0.000000000000000000E+00
  1.776261587480791437E+00  1.000000000000002887E+00  2.236695972153453136E-11  0.000000000000000000E+00  0.000000000000000000E+00  2.500000000250032772E-01  4.061726298762385722E-12  2.500000000209415818E-01  0.000000000000000000E+00
  1.804212288968739530E+00  1.000000000000003331E+00  2.236695972078574226E-11  0.000000000000000000E+00  0.000000000000000000E+00  2.500000000250032772E-01  3.947221404959060275E-12  2.500000000210561013E-01  0.000000000000000000E+00
  1.832162996505559249E+00  1.000000000000003331E+00  2.236695972054261579E-11  0.000000000000000000E+00  0.000000000000000000E+00  2.500000000250033327E-01  3.835944527126683473E-12  2.500000000211673457E-01  0.000000000000000000E+00
  1.860113702028985072E+00  1.000000000000003331E+00  2.236695972073754284E-11  0.000000000000000000E+00  0.000000000000000000E+00  2.500000000250032772E-01  3.727804718647402974E-12  2.500000000212754259E-01  0.000000000000000000E+00
  1.888064413712811085E+00  1.000000000000003109E+00  2.236695972038262419E-11  0.000000000000000000E+00  0.000000000000000000E+00  2.500000000250032217E-01  3.622713512053553122E-12  2.500000000213805085E-01  0.000000000000000000E+00
  1.916015123173618662E+00  1.000000000000002887E+00  2.236695972007561094E-11  0.000000000000000000E+00  0.000000000000000000E+00  2.500000000250032217E-01  3.520584979294078710E-12  2.500000000214826490E-01  0.000000000000000000E+00
  1.943965838871633878E+00  1.000000000000002887E+00  2.236695971978738050E-11  0.000000000000000000E+00  0.000000000000000000E+00  2.500000000250032217E-01  3.421335541662243887E-12  2.500000000215819029E-01  0.000000000000000000E+00
  1.971916552174388881E+00  1.000000000000002887E+00  2.236695972017374493E-11  0.000000000000000000E+00  0.000000000000000000E+00  2.500000000250031662E-01  3.324884045780157271E-12  2.500000000216783258E-01  0.000000000000000000E+00
  1.999867271756470277E+00  1.000000000000002887E+00  2.236695971957710214E-11  0.000000000000000000E+00  0.000000000000000000E+00  2.500000000250031662E-01  3.231151580222079782E-12  2.500000000217719731E-01  0.000000000000000000E+00
  2.027817988807741667E+00  1.000000000000002887E+00  2.236695971974063187E-11  0.000000000000000000E+00  0.000000000000000000E+00  2.500000000250032217E-01  3.140061537473935258E-12  2.500000000218631224E-01  0.000000000000000000E+00
  2.055768712150368493E+00  1.000000000000002887E+00  2.236695971925450493E-11  0.000000000000000000E+00  0.000000000000000000E+00  2.500000000250031662E-01  3.051539418492370406E-12  2.500000000219516627E-01  0.000000000000000000E+00
  2.083719432857961795E+00  1.000000000000002887E+00  2.236695971940702605E-11  0.000000000000000000E+00  0.000000000000000000E+00  2.500000000250032217E-01  2.965512878483331065E-12  2.500000000220377605E-01  0.000000000000000000E+00
  2.111670159841563255E+00  1.000000000000002665E+00  2.236695971978940968E-11  0.000000000000000000E+00  0.000000000000000000E+00  2.500000000250032217E-01  2.881911539639771513E-12  2.500000000221213603E-01  0.000000000000000000E+00
  2.139620884115122745E+00  1.000000000000002665E+00  2.236695971973222759E-11  0.000000000000000000E+00  0.000000000000000000E+00  2.500000000250031662E-01  2.800667048209390187E-12  2.500000000222025176E-01  0.000000000000000000E+00
  2.167571614624589582E+00  1.000000000000002665E+00  2.236695971952284103E-11  0.000000000000000000E+00  0.000000000000000000E+00  2.500000000250031107E-01  2.721712914623364743E-12  2.500000000222813989E-01  0.000000000000000000E+00
  2.195522342376320601E+00  1.000000000000002887E+00  2.236695971988755983E-11  0.000000000000000000E+00  0.000000000000000000E+00  2.500000000250031107E-01  2.644984580383464819E-12  2.500000000223581154E-01  0.000000000000000000E+00
  2.223473076300689577E+00  1.000000000000003109E+00  2.236695971977534761E-11  0.000000000000000000E+00  0.000000000000000000E+00  2.500000000250030552E-01  2.570419268344289769E-12  2.500000000224326113E-01  0.000000000000000000E+00
  2.251423807444699055E+00  1.000000000000002665E+00  2.236695972037356398E-11  0.000000000000000000E+00  0.000000000000000000E+00  2.500000000250029997E-01  2.497956035559726427E-12  2.500000000225050534E-01  0.000000000000000000E+00
  2.279374544673772096E+00  1.000000000000002887E+00  2.236695972015346931E-11  0.000000000000000000E+00  0.000000000000000000E+00  2.500000000250029442E-01  2.427535616709604800E-12  2.500000000225754415E-01  0.000000000000000000E+00
  2.307325279125288287E+00  1.000000000000003109E+00  2.236695972035332067E-11  0.000000000000000000E+00  0.000000000000000000E+00  2.500000000250029997E-01  2.359100461170984277E-12  2.500000000226438868E-01  0.000000000000000000E+00
  2.335276019554878069E+00  1.000000000000003109E+00  2.236695971963622617E-11  0.000000000000000000E+00  0.000000000000000000E+00  2.500000000250029997E-01  2.292594584356047092E-12  2.500000000227103891E-01  0.000000000000000000E+00
  2.363226757230870945E+00  1.000000000000003331E+00  2.236695971921974073E-11  0.000000000000000000E+00  0.000000000000000000E+00  2.500000000250029997E-01  2.227963610341507124E-12  2.500000000227750596E-01  0.000000000000000000E+00
  2.391177500760730545E+00  1.000000000000003331E+00  2.236695971913132288E-11  0.000000000000000000E+00  0.000000000000000000E+00  2.500000000250030552E-01  2.165154646598028866E-12  2.500000000228378982E-01  0.000000000000000000E+00
  2.419128241580619676E+00  1.000000000000003553E+00  2.236695971986931015E-11  0.000000000000000000E+00  0.000000000000000000E+00  2.500000000250029997E-01  2.104116334210714710E-12  2.500000000228988495E-01  0.000000000000000000E+00
  2.447078988114185005E+00  1.000000000000003997E+00  2.236695972002203161E-11  0.000000000000000000E+00  0.000000000000000000E+00  2.500000000250029997E-01  2.044798733225414543E-12  2.500000000229581909E-01  0.000000000000000000E+00
  2.475029731999182747E+00  1.000000000000004441E+00  2.236695971975740490E-11  0.000000000000000000E+00  0.000000000000000000E+00  2.500000000250030552E-01  1.987153360471253509E-12  2.500000000230159225E-01  0.000000000000000000E+00
  2.502980481442832250E+00  1.000000000000004663E+00  2.236695972056156985E-11  0.000000000000000000E+00  0.000000000000000000E+00  2.500000000250030552E-01  1.931133070747646053E-12  2.500000000230719333E-01  0.000000000000000000E+00
  2.530931228315170145E+00  1.000000000000004885E+00  2.236695972022371504E-11  0.000000000000000000E+00  0.000000000000000000E+00  2.500000000250031107E-01  1.876692080912047791E-12  2.500000000231264452E-01  0.000000000000000000E+00
  2.558881980576320103E+00  1.000000000000004663E+00  2.236695972048927556E-11  0.000000000000000000E+00  0.000000000000000000E+00  2.500000000250031107E-01  1.823785857265030258E-12  2.500000000231792918E-01  0.000000000000000000E+00
  2.586832730359858612E+00  1.000000000000004885E+00  2.236695972077446223E-11  0.000000000000000000E+00  0.000000000000000000E+00  2.500000000250031107E-01  1.772371142303959147E-12  2.500000000232307507E-01  0.000000000000000000E+00
  2.614783485350548720E+00  1.000000000000004885E+00  2.236695972066014329E-11  0.000000000000000000E+00  0.000000000000000000E+00  2.500000000250030552E-01  1.722405861414691541E-12  2.500000000232807107E-01  0.000000000000000000E+00
  2.642734237971491318E+00  1.000000000000004885E+00  2.236695972053921982E-11  0.000000000000000000E+00  0.000000000000000000E+00  2.500000000250031107E-01  1.673849155583521132E-12  2.500000000233292829E-01  0.000000000000000000E+00
  2.670684995607639944E+00  1.000000000000004663E+00  2.236695972040078016E-11  0.000000000000000000E+00  0.000000000000000000E+00  2.500000000250031107E-01  1.626661297621993671E-12  2.500000000233765229E-01  0.000000000000000000E+00
  2.698635750993872762E+00  1.000000000000004441E+00  2.236695972084235243E-11  0.000000000000000000E+00  0.000000000000000000E+00  2.500000000250032217E-01  1.580803715790071922E-12  2.500000000234224307E-01  0.000000000000000000E+00
  2.726586511193977547E+00  1.000000000000004441E+00  2.236695972062794787E-11  0.000000000000000000E+00  0.000000000000000000E+00  2.500000000250031662E-01  1.536238907224704216E-12  2.500000000234668951E-01  0.000000000000000000E+00
  2.754537269274302425E+00  1.000000000000004441E+00  2.236695972039128051E-11  0.000000000000000000E+00  0.000000000000000000E+00  2.500000000250031662E-01  1.492930449346580265E-12  2.500000000235102493E-01  0.000000000000000000E+00
  2.782488031959175601E+00  1.000000000000004441E+00  2.236695971991528007E-11  0.000000000000000000E+00  0.000000000000000000E+00  2.500000000250031662E-01  1.450842917834696353E-12  2.500000000235523268E-01  0.000000000000000000E+00
  2.810438792663912722E+00  1.000000000000004663E+00  2.236695972002741474E-11  0.000000000000000000E+00  0.000000000000000000E+00  2.500000000250031662E-01  1.409941899567518466E-12  2.500000000235932385E-01  0.000000000000000000E+00
  2.838389557756116677E+00  1.000000000000005329E+00  2.236695971978511868E-11  0.000000000000000000E+00  0.000000000000000000E+00  2.500000000250032217E-01  1.370193925851464588E-12  2.500000000236329845E-01  0.000000000000000000E+00
  2.866340321017821768E+00  1.000000000000005551E+00  2.236695972023186406E-11  0.000000000000000000E+00  0.000000000000000000E+00  2.500000000250032217E-01  1.331566490454658595E-12  2.500000000236716757E-01  0.000000000000000000E+00
  2.894291088443146975E+00  1.000000000000005329E+00  2.236695972042351147E-11  0.000000000000000000E+00  0.000000000000000000E+00  2.500000000250032217E-01  1.294027991423547200E-12  2.500000000237092013E-01  0.000000000000000000E+00
  2.922241854195957611E+00  1.000000000000005329E+00  2.236695972042791879E-11  0.000000000000000000E+00  0.000000000000000000E+00  2.500000000250033327E-01  1.257547741757154023E-12  2.500000000237457831E-01  0.000000000000000000E+00
  2.950192623883416410E+00  1.000000000000005329E+00  2.236695972058942581E-11  0.000000000000000000E+00  0.000000000000000000E+00  2.500000000250032772E-01  1.222095909018171100E-12  2.500000000237811437E-01  0.000000000000000000E+00
  2.978143392062269967E+00  1.000000000000005329E+00  2.236695972085223337E-11  0.000000000000000000E+00  0.000000000000000000E+00  2.500000000250031662E-01  1.187643516823823296E-12  2.500000000238155051E-01  0.000000000000000000E+00
  3.006094163942763409E+00  1.000000000000005773E+00  2.236695972103729887E-11  0.000000000000000000E+00  0.000000000000000000E+00  2.500000000250032772E-01  1.154162387211751555E-12  2.500000000238490894E-01  0.000000000000000000E+00
  3.034044934484012579E+00  1.000000000000005551E+00  2.236695972169636795E-11  0.000000000000000000E+00  0.000000000000000000E+00  2.500000000250032772E-01  1.121625142798153173E-12  2.500000000238816189E-01  0.000000000000000000E+00
  3.061995708490862445E+00  1.000000000000005773E+00  2.236695972194287100E-11  0.000000000000000000E+00  0.000000000000000000E+00  2.500000000250032217E-01  1.090005161101842977E-12  2.500000000239132047E-01  0.000000000000000000E+00
  3.089946481332994654E+00  1.000000000000005773E+00  2.236695972219095410E-11  0.000000000000000000E+00  0.000000000000000000E+00  2.500000000250032217E-01  1.059276581023038029E-12  2.500000000239439024E-01  0.000000000000000000E+00
  3.117897257401630373E+00  1.000000000000005773E+00  2.236695972237616501E-11  0.000000000000000000E+00  0.000000000000000000E+00  2.500000000250031107E-01  1.029414263966210745E-12  2.500000000239737119E-01  0.000000000000000000E+00
  3.145848032484603873E+00  1.000000000000005329E+00  2.236695972199460533E-11  0.000000000000000000E+00  0.000000000000000000E+00  2.500000000250030552E-01  1.000393795602749176E-12  2.500000000240027442E-01  0.000000000000000000E+00
  3.173798810551967442E+00  1.000000000000005995E+00  2.236695972201065458E-11  0.000000000000000000E+00  0.000000000000000000E+00  2.500000000250029997E-01  9.721914454201498996E-13  2.500000000240308329E-01  0.000000000000000000E+00
  3.201749587816439480E+00  1.000000000000005995E+00  2.236695972180443780E-11  0.000000000000000000E+00  0.000000000000000000E+00  2.500000000250030552E-01  9.447841607448288830E-13  2.500000000240583109E-01  0.000000000000000000E+00
  3.229700367822179174E+00  1.000000000000005995E+00  2.236695972145125430E-11  0.000000000000000000E+00  0.000000000000000000E+00  2.500000000250031107E-01  9.181495279274550028E-13  2.500000000240850118E-01  0.000000000000000000E+00
  3.257651147210123721E+00  1.000000000000005995E+00  2.236695972134552382E-11  0.000000000000000000E+00  0.000000000000000000E+00  2.500000000250032217E-01  8.922657669198560029E-13  2.500000000241109355E-01  0.000000000000000000E+00
  3.285601929095928853E+00  1.000000000000006439E+00  2.236695972103120165E-11  0.000000000000000000E+00  0.000000000000000000E+00  2.500000000250032772E-01  8.671117010617080254E-13  2.500000000241361375E-01  0.000000000000000000E+00
  3.313552710551345371E+00  1.000000000000005995E+00  2.236695972083371874E-11  0.000000000000000000E+00  0.000000000000000000E+00  2.500000000250032772E-01  8.426667556720004067E-13  2.500000000241606180E-01  0.000000000000000000E+00
  3.341503494261370388E+00  1.000000000000006217E+00  2.236695972081411843E-11  0.000000000000000000E+00  0.000000000000000000E+00  2.500000000250032772E-01  8.189109336195251276E-13  2.500000000241843767E-01  0.000000000000000000E+00
  3.369454277729631464E+00  1.000000000000006217E+00  2.236695972067318754E-11  0.000000000000000000E+00  0.000000000000000000E+00  2.500000000250032217E-01  7.958248109615549172E-13  2.500000000242073583E-01  0.000000000000000000E+00
  3.397405063209656184E+00  1.000000000000005995E+00  2.236695972022296218E-11  0.000000000000000000E+00  0.000000000000000000E+00  2.500000000250032772E-01  7.733895110318117869E-13  2.500000000242298959E-01  0.000000000000000000E+00
  3.425355848636730371E+00  1.000000000000005773E+00  2.236695972053337140E-11  0.000000000000000000E+00  0.000000000000000000E+00  2.500000000250032772E-01  7.515866940046734224E-13  2.500000000242516562E-01  0.000000000000000000E+00
  3.453306635832627425E+00  1.000000000000005773E+00  2.236695972025047563E-11  0.000000000000000000E+00  0.000000000000000000E+00  2.500000000250032217E-01  7.303985314919691690E-13  2.500000000242728060E-01  0.000000000000000000E+00
  3.481257423165699638E+00  1.000000000000005551E+00  2.236695972010682085E-11  0.000000000000000000E+00  0.000000000000000000E+00  2.500000000250032772E-01  7.098076962583639800E-13  2.500000000242934561E-01  0.000000000000000000E+00
  3.509208212026404539E+00  1.000000000000005551E+00  2.236695972011689565E-11  0.000000000000000000E+00  0.000000000000000000E+00  2.500000000250031662E-01  6.897973436351558175E-13  2.500000000243133291E-01  0.000000000000000000E+00
  3.537159001214587040E+00  1.000000000000005107E+00  2.236695972003806792E-11  0.000000000000000000E+00  0.000000000000000000E+00  2.500000000250032217E-01  6.703511045617157856E-13  2.500000000243328691E-01  0.000000000000000000E+00
  3.565109791691313035E+00  1.000000000000005107E+00  2.236695971999647948E-11  0.000000000000000000E+00  0.000000000000000000E+00  2.500000000250032217E-01  6.514530720234163888E-13  2.500000000243516873E-01  0.000000000000000000E+00
  3.593060582684995730E+00  1.000000000000005329E+00  2.236695972041434786E-11  0.000000000000000000E+00  0.000000000000000000E+00  2.500000000250032217E-01  6.330877924254524267E-13  2.500000000243701170E-01  0.000000000000000000E+00
  3.621011374730585874E+00  1.000000000000004885E+00  2.236695972053997268E-11  0.000000000000000000E+00  0.000000000000000000E+00  2.500000000250031662E-01  6.152402501184436957E-13  2.500000000243879361E-01  0.000000000000000000E+00
  3.648962167480655161E+00  1.000000000000004885E+00  2.236695972063204823E-11  0.000000000000000000E+00  0.000000000000000000E+00  2.500000000250031107E-01  5.978958544118684021E-13  2.500000000244052556E-01  0.000000000000000000E+00
  3.676912961048842465E+00  1.000000000000005107E+00  2.236695972082013488E-11  0.000000000000000000E+00  0.000000000000000000E+00  2.500000000250031662E-01  5.810404240352257474E-13  2.500000000244221865E-01  0.000000000000000000E+00
  3.704863755507308287E+00  1.000000000000005107E+00  2.236695972091072731E-11  0.000000000000000000E+00  0.000000000000000000E+00  2.500000000250032217E-01  5.646601743273327669E-13  2.500000000244385623E-01  0.000000000000000000E+00
  3.732814550560992206E+00  1.000000000000004663E+00  2.236695972084059791E-11  0.000000000000000000E+00  0.000000000000000000E+00  2.500000000250032217E-01  5.487417063491642514E-13  2.500000000244544385E-01  0.000000000000000000E+00
  3.760765346672813259E+00  1.000000000000004441E+00  2.236695972088357899E-11  0.000000000000000000E+00  0.000000000000000000E+00  2.500000000250033327E-01  5.332719974041146316E-13  2.500000000244700371E-01  0.000000000000000000E+00
  3.788716143177701223E+00  1.000000000000004219E+00  2.236695972080005313E-11  0.000000000000000000E+00  0.000000000000000000E+00  2.500000000250032772E-01  5.182383939157920594E-13  2.500000000244850251E-01  0.000000000000000000E+00
  3.816666940889385629E+00  1.000000000000004219E+00  2.236695972059265375E-11  0.000000000000000000E+00  0.000000000000000000E+00  2.500000000250032772E-01  5.036286009866532448E-13  2.500000000244995690E-01  0.000000000000000000E+00
  3.844617738811897834E+00  1.000000000000004219E+00  2.236695972080878377E-11  0.000000000000000000E+00  0.000000000000000000E+00  2.500000000250032772E-01  4.894306740811423417E-13  2.500000000245137799E-01  0.000000000000000000E+00
  3.872568538071290867E+00  1.000000000000003775E+00  2.236695972058853400E-11  0.000000000000000000E+00  0.000000000000000000E+00  2.500000000250031662E-01  4.756330054705060494E-13  2.500000000245275467E-01  0.000000000000000000E+00
  3.900519337377795548E+00  1.000000000000003331E+00  2.236695972050265262E-11  0.000000000000000000E+00  0.000000000000000000E+00  2.500000000250032217E-01  4.622243148192905311E-13  2.500000000245410359E-01  0.000000000000000000E+00
  3.928470138134434908E+00  1.000000000000003553E+00  2.236695972022833239E-11  0.000000000000000000E+00  0.000000000000000000E+00  2.500000000250032217E-01  4.491936359048748396E-13  2.500000000245540255E-01  0.000000000000000000E+00
  3.956420938791878061E+00  1.000000000000003109E+00  2.236695972051972938E-11  0.000000000000000000E+00  0.000000000000000000E+00  2.500000000250032217E-01  4.365303104855686673E-13  2.500000000245666820E-01  0.000000000000000000E+00
  3.984371740997617373E+00  1.000000000000002665E+00  2.236695972037198717E-11  0.000000000000000000E+00  0.000000000000000000E+00  2.500000000250032217E-01  4.242239781343450690E-13  2.500000000245790610E-01  0.000000000000000000E+00
  4.012322542974280815E+00  1.000000000000002665E+00  2.236695972059057287E-11  0.000000000000000000E+00  0.000000000000000000E+00  2.500000000250032772E-01  4.122645730576545298E-13  2.500000000245909959E-01  0.000000000000000000E+00
  4.040273346581964020E+00  1.000000000000002887E+00  2.236695972082809973E-11  0.000000000000000000E+00  0.000000000000000000E+00  2.500000000250033882E-01  4.006423139088131544E-13  2.500000000246027088E-01  0.000000000000000000E+00
  4.068224149846789928E+00  1.000000000000002442E+00  2.236695972089128534E-11  0.000000000000000000E+00  0.000000000000000000E+00  2.500000000250033327E-01  3.893476990625590361E-13  2.500000000246139775E-01  0.000000000000000000E+00
  4.096174954810765101E+00  1.000000000000002442E+00  2.236695972089071665E-11  0.000000000000000000E+00  0.000000000000000000E+00  2.500000000250032772E-01  3.783714939692229928E-13  2.500000000246249132E-01  0.000000000000000000E+00
  4.124125759332631702E+00  1.000000000000002442E+00  2.236695972110534740E-11  0.000000000000000000E+00  0.000000000000000000E+00  2.500000000250032772E-01  3.677047255107088425E-13  2.500000000246355714E-01  0.000000000000000000E+00
  4.152076565608988190E+00  1.000000000000002220E+00  2.236695972086093492E-11  0.000000000000000000E+00  0.000000000000000000E+00  2.500000000250032217E-01  3.573386697015230232E-13  2.500000000246458964E-01  0.000000000000000000E+00
  4.180027371357323496E+00  1.000000000000002220E+00  2.236695972087266408E-11  0.000000000000000000E+00  0.000000000000000000E+00  2.500000000250031662E-01  3.472648481432477621E-13  2.500000000246558329E-01  0.000000000000000000E+00
  4.207978178904170363E+00  1.000000000000002220E+00  2.236695972096289462E-11  0.000000000000000000E+00  0.000000000000000000E+00  2.500000000250031107E-01  3.374750188235006258E-13  2.500000000246656584E-01  0.000000000000000000E+00
  4.235928985849698236E+00  1.000000000000001998E+00  2.236695972108848390E-11  0.000000000000000000E+00  0.000000000000000000E+00  2.500000000250031107E-01  3.279611744521172139E-13  2.500000000246750953E-01  0.000000000000000000E+00
  4.263879794626731723E+00  1.000000000000002442E+00  2.236695972094840927E-11  0.000000000000000000E+00  0.000000000000000000E+00  2.500000000250030552E-01  3.187155334764905855E-13  2.500000000246844212E-01  0.000000000000000000E+00
  4.291830602740820844E+00  1.000000000000002220E+00  2.236695972123770276E-11  0.000000000000000000E+00  0.000000000000000000E+00  2.500000000250030552E-01  3.097305372939895590E-13  2.500000000246933585E-01  0.000000000000000000E+00
  4.319781412708178614E+00  1.000000000000001998E+00  2.236695972142894627E-11  0.000000000000000000E+00  0.000000000000000000E+00  2.500000000250031107E-01  3.009988395522079026E-13  2.500000000247021292E-01  0.000000000000000000E+00
  4.347732221962098187E+00  1.000000000000001776E+00  2.236695972140283192E-11  0.000000000000000000E+00  0.000000000000000000E+00  2.500000000250030552E-01  2.925133021707403539E-13  2.500000000247105669E-01  0.000000000000000000E+00
  4.375683033081048556E+00  1.000000000000001998E+00  2.236695972119029497E-11  0.000000000000000000E+00  0.000000000000000000E+00  2.500000000250029997E-01  2.842669851669571127E-13  2.500000000247187271E-01  0.000000000000000000E+00
  4.403633843446584706E+00  1.000000000000001332E+00  2.236695972099988187E-11  0.000000000000000000E+00  0.000000000000000000E+00  2.500000000250030552E-01  2.762531442008673606E-13  2.500000000247268317E-01  0.000000000000000000E+00
  4.431584655680641305E+00  1.000000000000001776E+00  2.236695972121048012E-11  0.000000000000000000E+00  0.000000000000000000E+00  2.500000000250029997E-01  2.684652226086979795E-13  2.500000000247345477E-01  0.000000000000000000E+00
  4.459535467130851139E+00  1.000000000000001998E+00  2.236695972162971852E-11  0.000000000000000000E+00  0.000000000000000000E+00  2.500000000250030552E-01  2.608968504194585511E-13  2.500000000247421528E-01  0.000000000000000000E+00
  4.487486280445004638E+00  1.000000000000002220E+00  2.236695972159717413E-11  0.000000000000000000E+00  0.000000000000000000E+00  2.500000000250031107E-01  2.535418370529771360E-13  2.500000000247495913E-01  0.000000000000000000E+00
  4.515437092953557219E+00  1.000000000000001998E+00  2.236695972160664147E-11  0.000000000000000000E+00  0.000000000000000000E+00  2.500000000250030552E-01  2.463941694752110196E-13  2.500000000247566412E-01  0.000000000000000000E+00
  4.543387907313560348E+00  1.000000000000001776E+00  2.236695972189435169E-11  0.000000000000000000E+00  0.000000000000000000E+00  2.500000000250031107E-01  2.394480035755566695E-13  2.500000000247636911E-01  0.000000000000000000E+00
  4.571338720853987958E+00  1.000000000000001776E+00  2.236695972184528954E-11  0.000000000000000000E+00  0.000000000000000000E+00  2.500000000250032217E-01  2.326976610762214005E-13  2.500000000247705190E-01  0.000000000000000000E+00
  4.599289536226294217E+00  1.000000000000001776E+00  2.236695972168967296E-11  0.000000000000000000E+00  0.000000000000000000E+00  2.500000000250031662E-01  2.261376212152190028E-13  2.500000000247770138E-01  0.000000000000000000E+00
  4.627240350772624744E+00  1.000000000000001554E+00  2.236695972177174478E-11  0.000000000000000000E+00  0.000000000000000000E+00  2.500000000250031107E-01  2.197625188558736704E-13  2.500000000247833976E-01  0.000000000000000000E+00
  4.655191167124808516E+00  1.000000000000001554E+00  2.236695972160849940E-11  0.000000000000000000E+00  0.000000000000000000E+00  2.500000000250031107E-01  2.135671380280190172E-13  2.500000000247895593E-01  0.000000000000000000E+00
  4.683141982652304414E+00  1.000000000000001998E+00  2.236695972158910912E-11  0.000000000000000000E+00  0.000000000000000000E+00  2.500000000250032217E-01  2.075464112821439210E-13  2.500000000247956655E-01  0.000000000000000000E+00
  4.711092799953927823E+00  1.000000000000001998E+00  2.236695972154895209E-11  0.000000000000000000E+00  0.000000000000000000E+00  2.500000000250032217E-01  2.016954139209202854E-13  2.500000000248014942E-01  0.000000000000000000E+00
  4.739043616438430639E+00  1.000000000000002220E+00  2.236695972150213237E-11  0.000000000000000000E+00  0.000000000000000000E+00  2.500000000250031107E-01  1.960093625140661098E-13  2.500000000248071563E-01  0.000000000000000000E+00
  4.766994434659744151E+00  1.000000000000002220E+00  2.236695972154046379E-11  0.000000000000000000E+00  0.000000000000000000E+00  2.500000000250031662E-01  1.904836079667616362E-13  2.500000000248127074E-01  0.000000000000000000E+00
  4.794945252076936448E+00  1.000000000000002442E+00  2.236695972136540523E-11  0.000000000000000000E+00  0.000000000000000000E+00  2.500000000250032217E-01  1.851136331165895542E-13  2.500000000248181475E-01  0.000000000000000000E+00
  4.822896071188875311E+00  1.000000000000002665E+00  2.236695972151380660E-11  0.000000000000000000E+00  0.000000000000000000E+00  2.500000000250032217E-01  1.798950462161880421E-13  2.500000000248233656E-01  0.000000000000000000E+00
  4.850846889514890847E+00  1.000000000000002887E+00  2.236695972158445300E-11  0.000000000000000000E+00  0.000000000000000000E+00  2.500000000250033327E-01  1.748235792800632912E-13  2.500000000248284726E-01  0.000000000000000000E+00
  4.878797709489648859E+00  1.000000000000003109E+00  2.236695972134369820E-11  0.000000000000000000E+00  0.000000000000000000E+00  2.500000000250032217E-01  1.698950830166929995E-13  2.500000000248333576E-01  0.000000000000000000E+00
  4.906748528701823986E+00  1.000000000000003109E+00  2.236695972144303096E-11  0.000000000000000000E+00  0.000000000000000000E+00  2.500000000250033327E-01  1.651055261674853186E-13  2.500000000248381871E-01  0.000000000000000000E+00
  4.934699349512227329E+00  1.000000000000003553E+00  2.236695972138617522E-11  0.000000000000000000E+00  0.000000000000000000E+00  2.500000000250033882E-01  1.604509910284562878E-13  2.500000000248429055E-01  0.000000000000000000E+00
  4.962650169588454396E+00  1.000000000000003775E+00  2.236695972141470972E-11  0.000000000000000000E+00  0.000000000000000000E+00  2.500000000250034993E-01  1.559276721539930583E-13  2.500000000248475684E-01  0.000000000000000000E+00
  4.990600991208656190E+00  1.000000000000003553E+00  2.236695972164521523E-11  0.000000000000000000E+00  0.000000000000000000E+00  2.500000000250034993E-01  1.515318712264602152E-13  2.500000000248519538E-01  0.000000000000000000E+00
