  #time                     mass                      x-momentum                y-momentum                z-momentum                E_total                   E_kinetic                 E_internal               
  0.000000000000000000E+00  1.000000000000002665E+00  2.236681987811218601E-11  0.000000000000000000E+00  0.000000000000000000E+00  2.500000000250036103E-01  2.500034831448640601E-11  2.500000000000032196E-01
  7.966060475542987435E-03  1.000000000000002442E+00  2.236681987597057986E-11  0.000000000000000000E+00  0.000000000000000000E+00  2.500000000250036103E-01  2.482552922919109465E-11  2.500000000001780798E-01
  2.194130269463425570E-02  1.000000000000002442E+00  2.236681987483018860E-11  0.000000000000000000E+00  0.000000000000000000E+00  2.500000000250036103E-01  2.451788626478330335E-11  2.500000000004857781E-01
  3.591654866487761777E-02  1.000000000000002442E+00  2.236681987669550673E-11  0.000000000000000000E+00  0.000000000000000000E+00  2.500000000250036658E-01  2.420028656834161543E-11  2.500000000008034129E-01
  #time                     mass                      x-momentum                y-momentum                z-momentum                E_total                   E_kinetic                 E_internal               
  0.000000000000000000E+00  1.000000000000002665E+00  2.236681987811218601E-11  0.000000000000000000E+00  0.000000000000000000E+00  2.500000000250036103E-01  2.500034831448640601E-11  2.500000000000032196E-01
  7.966060475542987435E-03  1.000000000000002442E+00  2.236681987597057986E-11  0.000000000000000000E+00  0.000000000000000000E+00  2.500000000250036103E-01  2.482552922919109465E-11  2.500000000001780798E-01
  2.194130269463425570E-02  1.000000000000002442E+00  2.236681987483018860E-11  0.000000000000000000E+00  0.000000000000000000E+00  2.500000000250036103E-01  2.451788626478330335E-11  2.500000000004857781E-01
  3.591654866487761777E-02  1.000000000000002442E+00  2.236681987669550673E-11  0.000000000000000000E+00  0.000000000000000000E+00  2.500000000250036658E-01  2.420028656834161543E-11  2.500000000008034129E-01
  4.989179733828785074E-02  1.000000000000002442E+00  2.236681987768479536E-11  0.000000000000000000E+00  0.000000000000000000E+00  2.500000000250036103E-01  2.388211127005367707E-11  2.500000000011215473E-01
  6.386704853143734817E-02  1.000000000000002665E+00  2.236681987759253887E-11  0.000000000000000000E+00  0.000000000000000000E+00  2.500000000250036103E-01  2.355452826587771934E-11  2.500000000014490076E-01
  7.784230228190656964E-02  1.000000000000002442E+00  2.236681987665591192E-11  0.000000000000000000E+00  0.000000000000000000E+00  2.500000000250036103E-01  2.320572944160032177E-11  2.500000000017978952E-01
  9.181755801000779371E-02  1.000000000000002665E+00  2.236681987734996492E-11  0.000000000000000000E+00  0.000000000000000000E+00  2.500000000250036103E-01  2.285346284092149676E-11  2.500000000021501134E-01
  1.057928161558135960E-01  1.000000000000002665E+00  2.236681987785052875E-11  0.000000000000000000E+00  0.000000000000000000E+00  2.500000000250036658E-01  2.247696387621540196E-11  2.500000000025267011E-01
  1.197680759971472969E-01  1.000000000000002665E+00  2.236681987892586354E-11  0.000000000000000000E+00  0.000000000000000000E+00  2.500000000250035548E-01  2.211172778796736943E-11  2.500000000028919089E-01
  1.337433381182825121E-01  1.000000000000002442E+00  2.236681987887137302E-11  0.000000000000000000E+00  0.000000000000000000E+00  2.500000000250037213E-01  2.172019325758028033E-11  2.500000000032834846E-01
  1.477186017740601820E-01  1.000000000000002442E+00  2.236681987880056830E-11  0.000000000000000000E+00  0.000000000000000000E+00  2.500000000250036658E-01  2.135075691394925722E-11  2.500000000036529668E-01
  1.616938675861760433E-01  1.000000000000002442E+00  2.236681987819518518E-11  0.000000000000000000E+00  0.000000000000000000E+00  2.500000000250036658E-01  2.095439134643745539E-11  2.500000000040493164E-01
  1.756691348301048505E-01  1.000000000000002665E+00  2.236681987771624438E-11  0.000000000000000000E+00  0.000000000000000000E+00  2.500000000250036103E-01  2.058649152564318456E-11  2.500000000044171333E-01
  1.896444041194560726E-01  1.000000000000002665E+00  2.236681987704364960E-11  0.000000000000000000E+00  0.000000000000000000E+00  2.500000000250036103E-01  2.019230289542975437E-11  2.500000000048113735E-01
  2.036196747695949438E-01  1.000000000000002887E+00  2.236681987653204809E-11  0.000000000000000000E+00  0.000000000000000000E+00  2.500000000250036658E-01  1.982976382524941384E-11  2.500000000051738613E-01
  2.175949473658689015E-01  1.000000000000002887E+00  2.236681987838693276E-11  0.000000000000000000E+00  0.000000000000000000E+00  2.500000000250036658E-01  1.944225504822586638E-11  2.500000000055614402E-01
  2.315702212712961450E-01  1.000000000000002665E+00  2.236681987736004296E-11  0.000000000000000000E+00  0.000000000000000000E+00  2.500000000250036658E-01  1.908760022563083397E-11  2.500000000059161009E-01
  2.455454970353655730E-01  1.000000000000002887E+00  2.236681987761363198E-11  0.000000000000000000E+00  0.000000000000000000E+00  2.500000000250037213E-01  1.870955305411865639E-11  2.500000000062941874E-01
  2.595207740689693399E-01  1.000000000000002887E+00  2.236681987689520946E-11  0.000000000000000000E+00  0.000000000000000000E+00  2.500000000250036658E-01  1.836440472563513969E-11  2.500000000066392447E-01
  2.734960528851143047E-01  1.000000000000002887E+00  2.236681987701053976E-11  0.000000000000000000E+00  0.000000000000000000E+00  2.500000000250037213E-01  1.799745249054026765E-11  2.500000000070062844E-01
  2.874713329386379690E-01  1.000000000000002887E+00  2.236681987702131896E-11  0.000000000000000000E+00  0.000000000000000000E+00  2.500000000250037213E-01  1.766278981462217993E-11  2.500000000073409057E-01
  3.014466147084067793E-01  1.000000000000003331E+00  2.236681987848117319E-11  0.000000000000000000E+00  0.000000000000000000E+00  2.500000000250037213E-01  1.730780844278815096E-11  2.500000000076958995E-01
  3.154218976883653158E-01  1.000000000000003109E+00  2.236681987877046022E-11  0.000000000000000000E+00  0.000000000000000000E+00  2.500000000250036658E-01  1.698416156561798653E-11  2.500000000080195850E-01
  3.293971823266380605E-01  1.000000000000003109E+00  2.236681987888898938E-11  0.000000000000000000E+00  0.000000000000000000E+00  2.500000000250036658E-01  1.664153071334267377E-11  2.500000000083621443E-01
  3.433724681508033005E-01  1.000000000000003331E+00  2.236681987949381674E-11  0.000000000000000000E+00  0.000000000000000000E+00  2.500000000250037768E-01  1.632912717608968232E-11  2.500000000086746166E-01
  3.573477555822817120E-01  1.000000000000003331E+00  2.236681987919216723E-11  0.000000000000000000E+00  0.000000000000000000E+00  2.500000000250037768E-01  1.599890613604480061E-11  2.500000000090049079E-01
  3.713230441769312939E-01  1.000000000000003109E+00  2.236681987993872036E-11  0.000000000000000000E+00  0.000000000000000000E+00  2.500000000250038323E-01  1.569774922276338782E-11  2.500000000093060559E-01
  3.852983343331421451E-01  1.000000000000003109E+00  2.236681988013604494E-11  0.000000000000000000E+00  0.000000000000000000E+00  2.500000000250037768E-01  1.537980034270301871E-11  2.500000000096240238E-01
  3.992736256310517873E-01  1.000000000000003109E+00  2.236681988019658099E-11  0.000000000000000000E+00  0.000000000000000000E+00  2.500000000250038323E-01  1.508976275612323042E-11  2.500000000099140696E-01
  4.132489184492850742E-01  1.000000000000002887E+00  2.236681987902886046E-11  0.000000000000000000E+00  0.000000000000000000E+00  2.500000000250038878E-01  1.478382219814796438E-11  2.500000000102200470E-01
  4.272242123884429921E-01  1.000000000000002887E+00  2.236681987903270555E-11  0.000000000000000000E+00  0.000000000000000000E+00  2.500000000250038323E-01  1.450466661438724518E-11  2.500000000104991571E-01
  4.411995078102381451E-01  1.000000000000002887E+00  2.236681987779446464E-11  0.000000000000000000E+00  0.000000000000000000E+00  2.500000000250038323E-01  1.421040416572470595E-11  2.500000000107934217E-01
  4.551748043325336002E-01  1.000000000000003109E+00  2.236681987874209374E-11  0.000000000000000000E+00  0.000000000000000000E+00  2.500000000250038323E-01  1.394184444231412779E-11  2.500000000110620402E-01
  4.691501023024308714E-01  1.000000000000003331E+00  2.236681987840601930E-11  0.000000000000000000E+00  0.000000000000000000E+00  2.500000000250038323E-01  1.365888950046155374E-11  2.500000000113449805E-01
  4.831254013526671276E-01  1.000000000000003109E+00  2.236681987812078093E-11  0.000000000000000000E+00  0.000000000000000000E+00  2.500000000250038323E-01  1.340060514139130257E-11  2.500000000116032184E-01
  4.971007018176054060E-01  1.000000000000003109E+00  2.236681987770885145E-11  0.000000000000000000E+00  0.000000000000000000E+00  2.500000000250038323E-01  1.312856843267838074E-11  2.500000000118752785E-01
  5.110760033429958549E-01  1.000000000000003109E+00  2.236681987829681208E-11  0.000000000000000000E+00  0.000000000000000000E+00  2.500000000250038878E-01  1.288021936175982224E-11  2.500000000121236354E-01
  5.250513062520363317E-01  1.000000000000002665E+00  2.236681987805722050E-11  0.000000000000000000E+00  0.000000000000000000E+00  2.500000000250038323E-01  1.261870673412708966E-11  2.500000000123850930E-01
  5.390266102019186656E-01  1.000000000000002887E+00  2.236681987742803333E-11  0.000000000000000000E+00  0.000000000000000000E+00  2.500000000250038878E-01  1.237994515462098714E-11  2.500000000126239574E-01
  5.530019155058362168E-01  1.000000000000002665E+00  2.236681987593518235E-11  0.000000000000000000E+00  0.000000000000000000E+00  2.500000000250038878E-01  1.212856554315434064E-11  2.500000000128753674E-01
  5.669772218312336687E-01  1.000000000000002442E+00  2.236681987698555955E-11  0.000000000000000000E+00  0.000000000000000000E+00  2.500000000250039434E-01  1.189904350119700886E-11  2.500000000131048505E-01
  5.809525294820697683E-01  1.000000000000001998E+00  2.236681987670023394E-11  0.000000000000000000E+00  0.000000000000000000E+00  2.500000000250038878E-01  1.165741364520080612E-11  2.500000000133464906E-01
  5.949278381353177991E-01  1.000000000000001998E+00  2.236681987785087448E-11  0.000000000000000000E+00  0.000000000000000000E+00  2.500000000250039434E-01  1.143678781838158346E-11  2.500000000135670919E-01
  6.089031480863067447E-01  1.000000000000001776E+00  2.236681987861596162E-11  0.000000000000000000E+00  0.000000000000000000E+00  2.500000000250039434E-01  1.120453489092774933E-11  2.500000000137994061E-01
  6.228784590209781591E-01  1.000000000000001998E+00  2.236681987859943093E-11  0.000000000000000000E+00  0.000000000000000000E+00  2.500000000250039434E-01  1.099246954877795177E-11  2.500000000140115142E-01
  6.368537712266276740E-01  1.000000000000001998E+00  2.236681987756541639E-11  0.000000000000000000E+00  0.000000000000000000E+00  2.500000000250039434E-01  1.076923258662836209E-11  2.500000000142347245E-01
  6.508290843975370610E-01  1.000000000000002220E+00  2.236681987814959978E-11  0.000000000000000000E+00  0.000000000000000000E+00  2.500000000250039434E-01  1.056540136770195608E-11  2.500000000144385615E-01
  6.648043988134353377E-01  1.000000000000001998E+00  2.236681987797656393E-11  0.000000000000000000E+00  0.000000000000000000E+00  2.500000000250039989E-01  1.035083200600313140E-11  2.500000000146531676E-01
  6.787797141764572162E-01  1.000000000000001998E+00  2.236681987761796821E-11  0.000000000000000000E+00  0.000000000000000000E+00  2.500000000250040544E-01  1.015491887660320231E-11  2.500000000148491219E-01
  6.927550307590534251E-01  1.000000000000001776E+00  2.236681987589368438E-11  0.000000000000000000E+00  0.000000000000000000E+00  2.500000000250039989E-01  9.948681359726102678E-12  2.500000000150552903E-01
  7.067303482709291762E-01  1.000000000000001998E+00  2.236681987680555730E-11  0.000000000000000000E+00  0.000000000000000000E+00  2.500000000250039434E-01  9.760381028872899860E-12  2.500000000152435842E-01
  7.207056669775340207E-01  1.000000000000001998E+00  2.236681987656496406E-11  0.000000000000000000E+00  0.000000000000000000E+00  2.500000000250039434E-01  9.562152143276619872E-12  2.500000000154418145E-01
  7.346809865958957575E-01  1.000000000000002220E+00  2.236681987732423185E-11  0.000000000000000000E+00  0.000000000000000000E+00  2.500000000250039989E-01  9.381170209188132630E-12  2.500000000156228364E-01
  7.486563073847797289E-01  1.000000000000002220E+00  2.236681987785674553E-11  0.000000000000000000E+00  0.000000000000000000E+00  2.500000000250039434E-01  9.190639040704330029E-12  2.500000000158133506E-01
  7.626316290682233490E-01  1.000000000000002220E+00  2.236681987832065814E-11  0.000000000000000000E+00  0.000000000000000000E+00  2.500000000250039989E-01  9.016691935413076963E-12  2.500000000159872671E-01
  7.766069518985518894E-01  1.000000000000002220E+00  2.236681987765544337E-11  0.000000000000000000E+00  0.000000000000000000E+00  2.500000000250039989E-01  8.833559527269915174E-12  2.500000000161703984E-01
  7.905822756065470358E-01  1.000000000000001998E+00  2.236681987897817302E-11  0.000000000000000000E+00  0.000000000000000000E+00  2.500000000250038878E-01  8.666374327085772296E-12  2.500000000163375424E-01
  8.045576004382384294E-01  1.000000000000001998E+00  2.236681988027097877E-11  0.000000000000000000E+00  0.000000000000000000E+00  2.500000000250039434E-01  8.490353288454828501E-12  2.500000000165136238E-01
  8.185329261309993720E-01  1.000000000000001998E+00  2.236681988062979745E-11  0.000000000000000000E+00  0.000000000000000000E+00  2.500000000250039434E-01  8.329667447188397478E-12  2.500000000166742731E-01
  8.325082529247244123E-01  1.000000000000001998E+00  2.236681988002950020E-11  0.000000000000000000E+00  0.000000000000000000E+00  2.500000000250040544E-01  8.160481539929026833E-12  2.500000000168435821E-01
  8.464835805632371368E-01  1.000000000000001998E+00  2.236681988125652247E-11  0.000000000000000000E+00  0.000000000000000000E+00  2.500000000250040544E-01  8.006042576392268518E-12  2.500000000169980141E-01
  8.604589092805136064E-01  1.000000000000002220E+00  2.236681988173953132E-11  0.000000000000000000E+00  0.000000000000000000E+00  2.500000000250040544E-01  7.843426299672917233E-12  2.500000000171606063E-01
  8.744342388266103105E-01  1.000000000000001776E+00  2.236681988208829458E-11  0.000000000000000000E+00  0.000000000000000000E+00  2.500000000250039989E-01  7.694991463447443452E-12  2.500000000173089876E-01
  8.884095694297562407E-01  1.000000000000001776E+00  2.236681988191384671E-11  0.000000000000000000E+00  0.000000000000000000E+00  2.500000000250039989E-01  7.538689640897804969E-12  2.500000000174653625E-01
  9.023849008460470555E-01  1.000000000000001776E+00  2.236681988252396996E-11  0.000000000000000000E+00  0.000000000000000000E+00  2.500000000250040544E-01  7.396025567254846816E-12  2.500000000176079706E-01
  9.163602332980643750E-01  1.000000000000001776E+00  2.236681988162624958E-11  0.000000000000000000E+00  0.000000000000000000E+00  2.500000000250039989E-01  7.245792948168855226E-12  2.500000000177581838E-01
  9.303355665478338921E-01  1.000000000000001998E+00  2.236681988131205989E-11  0.000000000000000000E+00  0.000000000000000000E+00  2.500000000250040544E-01  7.108675316100843301E-12  2.500000000178954074E-01
  9.443109008124043191E-01  1.000000000000002220E+00  2.236681988147395465E-11  0.000000000000000000E+00  0.000000000000000000E+00  2.500000000250039434E-01  6.964276187263459977E-12  2.500000000180396809E-01
  9.582862358596284658E-01  1.000000000000002442E+00  2.236681988164091588E-11  0.000000000000000000E+00  0.000000000000000000E+00  2.500000000250039434E-01  6.832489378950238722E-12  2.500000000181714643E-01
  9.722615719011973301E-01  1.000000000000002220E+00  2.236681988077886767E-11  0.000000000000000000E+00  0.000000000000000000E+00  2.500000000250038878E-01  6.693697192056967515E-12  2.500000000183101312E-01
  9.862369087106165333E-01  1.000000000000002442E+00  2.236681988108785840E-11  0.000000000000000000E+00  0.000000000000000000E+00  2.500000000250038878E-01  6.567033962890676842E-12  2.500000000184368631E-01
  1.000212246494368351E+00  1.000000000000002442E+00  2.236681988122950985E-11  0.000000000000000000E+00  0.000000000000000000E+00  2.500000000250038878E-01  6.433630975985871335E-12  2.500000000185703120E-01
  1.014187585031442351E+00  1.000000000000002442E+00  2.236681988020841032E-11  0.000000000000000000E+00  0.000000000000000000E+00  2.500000000250038878E-01  6.311892133701523720E-12  2.500000000186919924E-01
  1.028162924523202237E+00  1.000000000000002220E+00  2.236681987980949277E-11  0.000000000000000000E+00  0.000000000000000000E+00  2.500000000250038323E-01  6.183669068302486516E-12  2.500000000188201676E-01
  1.042138264754020938E+00  1.000000000000002442E+00  2.236681987898049301E-11  0.000000000000000000E+00  0.000000000000000000E+00  2.500000000250038878E-01  6.066663163362934898E-12  2.500000000189371296E-01
  1.056113605920248943E+00  1.000000000000002442E+00  2.236681987889520293E-11  0.000000000000000000E+00  0.000000000000000000E+00  2.500000000250038878E-01  5.943418873283299215E-12  2.500000000190604199E-01
  1.070088947811545399E+00  1.000000000000002665E+00  2.236681987893462649E-11  0.000000000000000000E+00  0.000000000000000000E+00  2.500000000250039434E-01  5.830961898431222395E-12  2.500000000191729965E-01
  1.084064290619400683E+00  1.000000000000002220E+00  2.236681987878749174E-11  0.000000000000000000E+00  0.000000000000000000E+00  2.500000000250039989E-01  5.712503052739329250E-12  2.500000000192914018E-01
  1.098039634138606502E+00  1.000000000000002442E+00  2.236681987924421822E-11  0.000000000000000000E+00  0.000000000000000000E+00  2.500000000250039434E-01  5.604418154731992319E-12  2.500000000193994265E-01
  1.112014978555926126E+00  1.000000000000002220E+00  2.236681987976849563E-11  0.000000000000000000E+00  0.000000000000000000E+00  2.500000000250038878E-01  5.490558932479177840E-12  2.500000000195132799E-01
  1.125990323671136162E+00  1.000000000000002665E+00  2.236681988017112903E-11  0.000000000000000000E+00  0.000000000000000000E+00  2.500000000250039434E-01  5.386676133595280606E-12  2.500000000196171968E-01
  1.139965669666356263E+00  1.000000000000002442E+00  2.236681988017501613E-11  0.000000000000000000E+00  0.000000000000000000E+00  2.500000000250038878E-01  5.277237931241258114E-12  2.500000000197266092E-01
  1.153941016346251347E+00  1.000000000000002665E+00  2.236681987945512343E-11  0.000000000000000000E+00  0.000000000000000000E+00  2.500000000250038878E-01  5.177393861894873986E-12  2.500000000198265293E-01
  1.167916363888388043E+00  1.000000000000002665E+00  2.236681987965969553E-11  0.000000000000000000E+00  0.000000000000000000E+00  2.500000000250038878E-01  5.072205012020901070E-12  2.500000000199316674E-01
  1.181891712102236980E+00  1.000000000000002887E+00  2.236681987924236676E-11  0.000000000000000000E+00  0.000000000000000000E+00  2.500000000250039434E-01  4.976242654048294744E-12  2.500000000200276462E-01
  1.195867061160941658E+00  1.000000000000002665E+00  2.236681987916374259E-11  0.000000000000000000E+00  0.000000000000000000E+00  2.500000000250039434E-01  4.875138155816886647E-12  2.500000000201288430E-01
  1.209842410878650520E+00  1.000000000000002665E+00  2.236681987966499466E-11  0.000000000000000000E+00  0.000000000000000000E+00  2.500000000250039989E-01  4.782906595184121677E-12  2.500000000202211026E-01
  1.223817761424206063E+00  1.000000000000002665E+00  2.236681987977527140E-11  0.000000000000000000E+00  0.000000000000000000E+00  2.500000000250039989E-01  4.685727854800045527E-12  2.500000000203183026E-01
  1.237793112616293101E+00  1.000000000000002665E+00  2.236681987990667357E-11  0.000000000000000000E+00  0.000000000000000000E+00  2.500000000250040544E-01  4.597081634455456513E-12  2.500000000204069539E-01
  1.251768464619537724E+00  1.000000000000002887E+00  2.236681987914573849E-11  0.000000000000000000E+00  0.000000000000000000E+00  2.500000000250040544E-01  4.503676353369356207E-12  2.500000000205003792E-01
  1.265743817257072745E+00  1.000000000000002442E+00  2.236681987913730190E-11  0.000000000000000000E+00  0.000000000000000000E+00  2.500000000250039989E-01  4.418476046253496363E-12  2.500000000205854778E-01
  1.279719170689388452E+00  1.000000000000002665E+00  2.236681987967773841E-11  0.000000000000000000E+00  0.000000000000000000E+00  2.500000000250039989E-01  4.328697765331140600E-12  2.500000000206753503E-01
  1.293694524743985053E+00  1.000000000000002442E+00  2.236681987953512407E-11  0.000000000000000000E+00  0.000000000000000000E+00  2.500000000250040544E-01  4.246809449972905636E-12  2.500000000207572848E-01
  1.307669879577337602E+00  1.000000000000002665E+00  2.236681987944331995E-11  0.000000000000000000E+00  0.000000000000000000E+00  2.500000000250040544E-01  4.160517354658313474E-12  2.500000000208435491E-01
  1.321645235021197351E+00  1.000000000000002887E+00  2.236681987944667714E-11  0.000000000000000000E+00  0.000000000000000000E+00  2.500000000250039989E-01  4.081812300115453559E-12  2.500000000209222084E-01
  1.335620591228132481E+00  1.000000000000002665E+00  2.236681987973266837E-11  0.000000000000000000E+00  0.000000000000000000E+00  2.500000000250039434E-01  3.998871032967631549E-12  2.500000000210051421E-01
  1.349595948034020942E+00  1.000000000000003109E+00  2.236681988007080107E-11  0.000000000000000000E+00  0.000000000000000000E+00  2.500000000250039989E-01  3.923225506107433388E-12  2.500000000210808038E-01
  1.363571305587602200E+00  1.000000000000002887E+00  2.236681987997210162E-11  0.000000000000000000E+00  0.000000000000000000E+00  2.500000000250039989E-01  3.843504960146489371E-12  2.500000000211604623E-01
  1.377546663728798082E+00  1.000000000000003109E+00  2.236681988034941553E-11  0.000000000000000000E+00  0.000000000000000000E+00  2.500000000250039989E-01  3.770800034102235746E-12  2.500000000212331819E-01
  1.391522022602591946E+00  1.000000000000002887E+00  2.236681988004722642E-11  0.000000000000000000E+00  0.000000000000000000E+00  2.500000000250039989E-01  3.694175151157717163E-12  2.500000000213097873E-01
  1.405497382052873778E+00  1.000000000000002887E+00  2.236681988017309035E-11  0.000000000000000000E+00  0.000000000000000000E+00  2.500000000250039989E-01  3.624296519757017297E-12  2.500000000213796758E-01
  1.419472742220964978E+00  1.000000000000002887E+00  2.236681988057261535E-11  0.000000000000000000E+00  0.000000000000000000E+00  2.500000000250039434E-01  3.550647099079421451E-12  2.500000000214532836E-01
  1.433448102954644865E+00  1.000000000000002665E+00  2.236681988002342882E-11  0.000000000000000000E+00  0.000000000000000000E+00  2.500000000250040544E-01  3.483484897861866573E-12  2.500000000215205076E-01
  1.447423464391650372E+00  1.000000000000002665E+00  2.236681987971786313E-11  0.000000000000000000E+00  0.000000000000000000E+00  2.500000000250039989E-01  3.412695402696676610E-12  2.500000000215913398E-01
  1.461398826383563554E+00  1.000000000000002665E+00  2.236681987966180872E-11  0.000000000000000000E+00  0.000000000000000000E+00  2.500000000250039989E-01  3.348144038414492815E-12  2.500000000216558438E-01
  1.475374189064598385E+00  1.000000000000002442E+00  2.236681987954360913E-11  0.000000000000000000E+00  0.000000000000000000E+00  2.500000000250039989E-01  3.280103418540940483E-12  2.500000000217239005E-01
  1.489349552290055723E+00  1.000000000000002220E+00  2.236681987958796023E-11  0.000000000000000000E+00  0.000000000000000000E+00  2.500000000250039434E-01  3.218061407388540933E-12  2.500000000217859064E-01
  1.503324916190700300E+00  1.000000000000002220E+00  2.236681987922660832E-11  0.000000000000000000E+00  0.000000000000000000E+00  2.500000000250038878E-01  3.152662939786303482E-12  2.500000000218512430E-01
  1.517300280625480946E+00  1.000000000000002220E+00  2.236681987924800193E-11  0.000000000000000000E+00  0.000000000000000000E+00  2.500000000250039434E-01  3.093032746131599565E-12  2.500000000219109175E-01
  1.531275645721805967E+00  1.000000000000002442E+00  2.236681987937778850E-11  0.000000000000000000E+00  0.000000000000000000E+00  2.500000000250039989E-01  3.030173842999323294E-12  2.500000000219738117E-01
  1.545251011342179570E+00  1.000000000000002442E+00  2.236681987964198547E-11  0.000000000000000000E+00  0.000000000000000000E+00  2.500000000250039434E-01  2.972861718371570827E-12  2.500000000220310437E-01
  1.559226377610749115E+00  1.000000000000002220E+00  2.236681987978722029E-11  0.000000000000000000E+00  0.000000000000000000E+00  2.500000000250039434E-01  2.912443770050415581E-12  2.500000000220914953E-01
  1.573201744393470491E+00  1.000000000000002442E+00  2.236681988012444825E-11  0.000000000000000000E+00  0.000000000000000000E+00  2.500000000250038323E-01  2.857359607040637071E-12  2.500000000221465069E-01
  1.587177111811298502E+00  1.000000000000002665E+00  2.236681988029939695E-11  0.000000000000000000E+00  0.000000000000000000E+00  2.500000000250038878E-01  2.799287829776494910E-12  2.500000000222045715E-01
  1.601152479733562783E+00  1.000000000000002665E+00  2.236681988039071963E-11  0.000000000000000000E+00  0.000000000000000000E+00  2.500000000250038878E-01  2.746345021244287667E-12  2.500000000222575292E-01
  1.615127848278092637E+00  1.000000000000002665E+00  2.236681988059240630E-11  0.000000000000000000E+00  0.000000000000000000E+00  2.500000000250038323E-01  2.690528309831703643E-12  2.500000000223133179E-01
  1.629103217317527053E+00  1.000000000000002887E+00  2.236681988031615705E-11  0.000000000000000000E+00  0.000000000000000000E+00  2.500000000250039434E-01  2.639643613946052180E-12  2.500000000223642771E-01
  1.643078586966651766E+00  1.000000000000002887E+00  2.236681988029556801E-11  0.000000000000000000E+00  0.000000000000000000E+00  2.500000000250038878E-01  2.585994399733985183E-12  2.500000000224179009E-01
  1.657053957101333852E+00  1.000000000000002665E+00  2.236681988018285496E-11  0.000000000000000000E+00  0.000000000000000000E+00  2.500000000250038323E-01  2.537087809476063956E-12  2.500000000224667507E-01
  1.671029327833400746E+00  1.000000000000002887E+00  2.236681987982281490E-11  0.000000000000000000E+00  0.000000000000000000E+00  2.500000000250038323E-01  2.485521923515226952E-12  2.500000000225183205E-01
  1.685004699041853238E+00  1.000000000000002887E+00  2.236681988045552729E-11  0.000000000000000000E+00  0.000000000000000000E+00  2.500000000250037768E-01  2.438516541633292692E-12  2.500000000225652830E-01
  1.698980070835626188E+00  1.000000000000002665E+00  2.236681988023289292E-11  0.000000000000000000E+00  0.000000000000000000E+00  2.500000000250037768E-01  2.388953083398654749E-12  2.500000000226148544E-01
  1.712955443096783048E+00  1.000000000000002665E+00  2.236681988045169835E-11  0.000000000000000000E+00  0.000000000000000000E+00  2.500000000250037768E-01  2.343775002004276271E-12  2.500000000226599850E-01
  1.726930815931424279E+00  1.000000000000002887E+00  2.236681988050889983E-11  0.000000000000000000E+00  0.000000000000000000E+00  2.500000000250038323E-01  2.296136212543833083E-12  2.500000000227076691E-01
  1.740906189224618039E+00  1.000000000000002665E+00  2.236681988081525069E-11  0.000000000000000000E+00  0.000000000000000000E+00  2.500000000250037768E-01  2.252714396789381772E-12  2.500000000227510233E-01
  1.754881563079706552E+00  1.000000000000002665E+00  2.236681988048267562E-11  0.000000000000000000E+00  0.000000000000000000E+00  2.500000000250037768E-01  2.206925536710338588E-12  2.500000000227968755E-01
  1.768856937384685635E+00  1.000000000000002887E+00  2.236681988011453824E-11  0.000000000000000000E+00  0.000000000000000000E+00  2.500000000250037768E-01  2.165191713139529526E-12  2.500000000228386199E-01
  1.782832312240217432E+00  1.000000000000002887E+00  2.236681987999102984E-11  0.000000000000000000E+00  0.000000000000000000E+00  2.500000000250037768E-01  2.121180945324485784E-12  2.500000000228826402E-01
  1.796807687537139486E+00  1.000000000000003109E+00  2.236681988038754662E-11  0.000000000000000000E+00  0.000000000000000000E+00  2.500000000250037768E-01  2.081069494430218373E-12  2.500000000229227193E-01
  1.810783063373495816E+00  1.000000000000002665E+00  2.236681987937512925E-11  0.000000000000000000E+00  0.000000000000000000E+00  2.500000000250037768E-01  2.038767771056956171E-12  2.500000000229650188E-01
  1.824758439642903296E+00  1.000000000000002442E+00  2.236681987997677389E-11  0.000000000000000000E+00  0.000000000000000000E+00  2.500000000250037768E-01  2.000215623821673172E-12  2.500000000230035990E-01
  1.838733816440836666E+00  1.000000000000002220E+00  2.236681987997720364E-11  0.000000000000000000E+00  0.000000000000000000E+00  2.500000000250038323E-01  1.959556578217178259E-12  2.500000000230442332E-01
  1.852709193663637510E+00  1.000000000000002220E+00  2.236681987993783178E-11  0.000000000000000000E+00  0.000000000000000000E+00  2.500000000250037213E-01  1.922503117340245453E-12  2.500000000230813146E-01
  1.866684571404281234E+00  1.000000000000002220E+00  2.236681987985634157E-11  0.000000000000000000E+00  0.000000000000000000E+00  2.500000000250037768E-01  1.883422959865207363E-12  2.500000000231203945E-01
  1.880659949561765742E+00  1.000000000000001998E+00  2.236681987990508706E-11  0.000000000000000000E+00  0.000000000000000000E+00  2.500000000250037768E-01  1.847809924440934490E-12  2.500000000231559771E-01
  1.894635328226638382E+00  1.000000000000002220E+00  2.236681987973840371E-11  0.000000000000000000E+00  0.000000000000000000E+00  2.500000000250038323E-01  1.810247342551393449E-12  2.500000000231935582E-01
  1.908610707300475662E+00  1.000000000000001998E+00  2.236681988014401624E-11  0.000000000000000000E+00  0.000000000000000000E+00  2.500000000250038323E-01  1.776018736449144194E-12  2.500000000232278641E-01
  1.922586086871452382E+00  1.000000000000001776E+00  2.236681988005164666E-11  0.000000000000000000E+00  0.000000000000000000E+00  2.500000000250038323E-01  1.739914798639548556E-12  2.500000000232638908E-01
  1.936561466843666590E+00  1.000000000000001776E+00  2.236681988005658390E-11  0.000000000000000000E+00  0.000000000000000000E+00  2.500000000250038878E-01  1.707016802867127861E-12  2.500000000232968644E-01
  1.950536847302966947E+00  1.000000000000001998E+00  2.236681988018638340E-11  0.000000000000000000E+00  0.000000000000000000E+00  2.500000000250038323E-01  1.672314866364691573E-12  2.500000000233315589E-01
  1.964512228155922857E+00  1.000000000000002220E+00  2.236681988042100543E-11  0.000000000000000000E+00  0.000000000000000000E+00  2.500000000250038323E-01  1.640695754215437849E-12  2.500000000233631448E-01
  1.978487609486119014E+00  1.000000000000002220E+00  2.236681988021768055E-11  0.000000000000000000E+00  0.000000000000000000E+00  2.500000000250037768E-01  1.607341375874942701E-12  2.500000000233964514E-01
  1.992462991202530898E+00  1.000000000000002220E+00  2.236681988057799526E-11  0.000000000000000000E+00  0.000000000000000000E+00  2.500000000250037768E-01  1.576951431612663444E-12  2.500000000234268160E-01
  2.006438373386547180E+00  1.000000000000001998E+00  2.236681988070517428E-11  0.000000000000000000E+00  0.000000000000000000E+00  2.500000000250038323E-01  1.544892282579638710E-12  2.500000000234589015E-01
  2.020413755949480805E+00  1.000000000000001998E+00  2.236681988095596187E-11  0.000000000000000000E+00  0.000000000000000000E+00  2.500000000250037768E-01  1.515683723058281955E-12  2.500000000234881004E-01
  2.034389138970574606E+00  1.000000000000001776E+00  2.236681988122187459E-11  0.000000000000000000E+00  0.000000000000000000E+00  2.500000000250037768E-01  1.484869506306143299E-12  2.500000000235189090E-01
  2.048364522363424811E+00  1.000000000000002442E+00  2.236681988099925960E-11  0.000000000000000000E+00  0.000000000000000000E+00  2.500000000250037768E-01  1.456796405729590867E-12  2.500000000235470532E-01
  2.062339906205168383E+00  1.000000000000002442E+00  2.236681988165766306E-11  0.000000000000000000E+00  0.000000000000000000E+00  2.500000000250038323E-01  1.427178777249052875E-12  2.500000000235766406E-01
  2.076315290411646419E+00  1.000000000000002665E+00  2.236681988141443642E-11  0.000000000000000000E+00  0.000000000000000000E+00  2.500000000250038323E-01  1.400196995043321235E-12  2.500000000236036191E-01
  2.090290675057940639E+00  1.000000000000002665E+00  2.236681988138418293E-11  0.000000000000000000E+00  0.000000000000000000E+00  2.500000000250037768E-01  1.371729488135963919E-12  2.500000000236320963E-01
  2.104266060062075283E+00  1.000000000000002442E+00  2.236681988199233517E-11  0.000000000000000000E+00  0.000000000000000000E+00  2.500000000250037768E-01  1.345796599780432456E-12  2.500000000236580200E-01
  2.118241445497146103E+00  1.000000000000001998E+00  2.236681988206584438E-11  0.000000000000000000E+00  0.000000000000000000E+00  2.500000000250038323E-01  1.318434552249719491E-12  2.500000000236853870E-01
  2.132216831283293867E+00  1.000000000000001998E+00  2.236681988218402781E-11  0.000000000000000000E+00  0.000000000000000000E+00  2.500000000250037768E-01  1.293509779055363096E-12  2.500000000237102560E-01
  2.146192217491670995E+00  1.000000000000001776E+00  2.236681988260337284E-11  0.000000000000000000E+00  0.000000000000000000E+00  2.500000000250038323E-01  1.267210264183894521E-12  2.500000000237366238E-01
  2.160167604044489931E+00  1.000000000000001998E+00  2.236681988248401649E-11  0.000000000000000000E+00  0.000000000000000000E+00  2.500000000250037768E-01  1.243254281411983235E-12  2.500000000237605491E-01
  2.174142991011002390E+00  1.000000000000001554E+00  2.236681988278272886E-11  0.000000000000000000E+00  0.000000000000000000E+00  2.500000000250038323E-01  1.217976082957635399E-12  2.500000000237858067E-01
  2.188118378315447199E+00  1.000000000000001776E+00  2.236681988251488390E-11  0.000000000000000000E+00  0.000000000000000000E+00  2.500000000250037768E-01  1.194951249867147026E-12  2.500000000238087883E-01
  2.202093766025218446E+00  1.000000000000001554E+00  2.236681988208822026E-11  0.000000000000000000E+00  0.000000000000000000E+00  2.500000000250037213E-01  1.170654717283162965E-12  2.500000000238331022E-01
  2.216069154066536928E+00  1.000000000000001332E+00  2.236681988204958511E-11  0.000000000000000000E+00  0.000000000000000000E+00  2.500000000250037768E-01  1.148524847221548598E-12  2.500000000238552511E-01
  2.230044542504994176E+00  1.000000000000001776E+00  2.236681988170080570E-11  0.000000000000000000E+00  0.000000000000000000E+00  2.500000000250037768E-01  1.125171863906440095E-12  2.500000000238786768E-01
  2.244019931268732115E+00  1.000000000000001332E+00  2.236681988198173691E-11  0.000000000000000000E+00  0.000000000000000000E+00  2.500000000250038323E-01  1.103902173881572865E-12  2.500000000238999931E-01
  2.257995320421584129E+00  1.000000000000001110E+00  2.236681988184528766E-11  0.000000000000000000E+00  0.000000000000000000E+00  2.500000000250038878E-01  1.081456101130923200E-12  2.500000000239224196E-01
  2.271970709893571971E+00  1.000000000000000888E+00  2.236681988183086693E-11  0.000000000000000000E+00  0.000000000000000000E+00  2.500000000250038878E-01  1.061013158726211353E-12  2.500000000239427922E-01
  2.285946099746805960E+00  1.000000000000000666E+00  2.236681988194687901E-11  0.000000000000000000E+00  0.000000000000000000E+00  2.500000000250038323E-01  1.039438779257113054E-12  2.500000000239644415E-01
  2.299921489913143269E+00  1.000000000000000444E+00  2.236681988192640306E-11  0.000000000000000000E+00  0.000000000000000000E+00  2.500000000250038878E-01  1.019790450490113698E-12  2.500000000239840925E-01
  2.313896880453017335E+00  1.000000000000000666E+00  2.236681988215559994E-11  0.000000000000000000E+00  0.000000000000000000E+00  2.500000000250038323E-01  9.990539136582777330E-13  2.500000000240047981E-01
  2.327872271300077234E+00  1.000000000000000666E+00  2.236681988227220333E-11  0.000000000000000000E+00  0.000000000000000000E+00  2.500000000250038323E-01  9.801693130232301679E-13  2.500000000240237275E-01
  2.341847662513114603E+00  1.000000000000000222E+00  2.236681988229933226E-11  0.000000000000000000E+00  0.000000000000000000E+00  2.500000000250037768E-01  9.602380840489823527E-13  2.500000000240436004E-01
  2.355823054027541552E+00  1.000000000000000444E+00  2.236681988220982228E-11  0.000000000000000000E+00  0.000000000000000000E+00  2.500000000250038323E-01  9.420875263553504410E-13  2.500000000240617526E-01
  2.369798445900539008E+00  1.000000000000000666E+00  2.236681988224402425E-11  0.000000000000000000E+00  0.000000000000000000E+00  2.500000000250037768E-01  9.229303310542958280E-13  2.500000000240808484E-01
  2.383773838069240814E+00  1.000000000000000444E+00  2.236681988215872125E-11  0.000000000000000000E+00  0.000000000000000000E+00  2.500000000250037768E-01  9.054852854756220833E-13  2.500000000240983344E-01
  2.397749230589249603E+00  1.000000000000000222E+00  2.236681988215345444E-11  0.000000000000000000E+00  0.000000000000000000E+00  2.500000000250037213E-01  8.870720678609510419E-13  2.500000000241166531E-01
  2.411724623399384093E+00  1.000000000000000000E+00  2.236681988185506842E-11  0.000000000000000000E+00  0.000000000000000000E+00  2.500000000250036658E-01  8.703051141448567868E-13  2.500000000241334175E-01
  2.425700016553711702E+00  9.999999999999998890E-01  2.236681988166256798E-11  0.000000000000000000E+00  0.000000000000000000E+00  2.500000000250037213E-01  8.526069865667464156E-13  2.500000000241511255E-01
  2.439675409992691169E+00  1.000000000000000000E+00  2.236681988171233453E-11  0.000000000000000000E+00  0.000000000000000000E+00  2.500000000250037768E-01  8.364917702476912928E-13  2.500000000241672793E-01
  2.453650803768893773E+00  9.999999999999995559E-01  2.236681988133259724E-11  0.000000000000000000E+00  0.000000000000000000E+00  2.500000000250037213E-01  8.194809646595501804E-13  2.500000000241842102E-01
  2.467626197824382306E+00  9.999999999999991118E-01  2.236681988139553082E-11  0.000000000000000000E+00  0.000000000000000000E+00  2.500000000250037213E-01  8.039921542897481749E-13  2.500000000241996978E-01
  2.481601592210267881E+00  9.999999999999988898E-01  2.236681988124248625E-11  0.000000000000000000E+00  0.000000000000000000E+00  2.500000000250036658E-01  7.876419796125354908E-13  2.500000000242160736E-01
  2.495576986870171154E+00  9.999999999999990008E-01  2.236681988137510656E-11  0.000000000000000000E+00  0.000000000000000000E+00  2.500000000250037213E-01  7.727552276692964898E-13  2.500000000242309506E-01
  2.509552381853776382E+00  9.999999999999990008E-01  2.236681988114189010E-11  0.000000000000000000E+00  0.000000000000000000E+00  2.500000000250037213E-01  7.570400287620895090E-13  2.500000000242467157E-01
  2.523527777106229664E+00  9.999999999999991118E-01  2.236681988137157166E-11  0.000000000000000000E+00  0.000000000000000000E+00  2.500000000250037768E-01  7.427319335699146747E-13  2.500000000242610376E-01
  2.537503172675831475E+00  9.999999999999992228E-01  2.236681988137467036E-11  0.000000000000000000E+00  0.000000000000000000E+00  2.500000000250037768E-01  7.276270508887004681E-13  2.500000000242760811E-01
  2.551478568509207623E+00  9.999999999999988898E-01  2.236681988126321423E-11  0.000000000000000000E+00  0.000000000000000000E+00  2.500000000250037768E-01  7.138751197751232498E-13  2.500000000242898479E-01
  2.565453964653310326E+00  9.999999999999992228E-01  2.236681988143087986E-11  0.000000000000000000E+00  0.000000000000000000E+00  2.500000000250037768E-01  6.993568512297810488E-13  2.500000000243043918E-01
  2.579429361056212677E+00  9.999999999999990008E-01  2.236681988125398600E-11  0.000000000000000000E+00  0.000000000000000000E+00  2.500000000250037768E-01  6.861394658707675951E-13  2.500000000243176590E-01
  2.593404757763551505E+00  9.999999999999991118E-01  2.236681988123983345E-11  0.000000000000000000E+00  0.000000000000000000E+00  2.500000000250037768E-01  6.721850297888825304E-13  2.500000000243315923E-01
  2.607380154724808996E+00  9.999999999999992228E-01  2.236681988125791834E-11  0.000000000000000000E+00  0.000000000000000000E+00  2.500000000250037768E-01  6.594814120277681626E-13  2.500000000243443599E-01
  2.621355551984334120E+00  9.999999999999995559E-01  2.236681988128290178E-11  0.000000000000000000E+00  0.000000000000000000E+00  2.500000000250037768E-01  6.460689114229618406E-13  2.500000000243576825E-01
  2.635330949492987518E+00  9.999999999999995559E-01  2.236681988117489331E-11  0.000000000000000000E+00  0.000000000000000000E+00  2.500000000250037768E-01  6.338590907902391898E-13  2.500000000243698950E-01
  2.649306347293866715E+00  9.999999999999995559E-01  2.236681988119781849E-11  0.000000000000000000E+00  0.000000000000000000E+00  2.500000000250036658E-01  6.209674791257543332E-13  2.500000000243827736E-01
  2.663281745339173057E+00  1.000000000000000000E+00  2.236681988152393445E-11  0.000000000000000000E+00  0.000000000000000000E+00  2.500000000250037768E-01  6.092322614211507095E-13  2.500000000243944864E-01
  2.677257143670786821E+00  9.999999999999998890E-01  2.236681988166366658E-11  0.000000000000000000E+00  0.000000000000000000E+00  2.500000000250037213E-01  5.968413094819100225E-13  2.500000000244068099E-01
  2.691232542242221193E+00  1.000000000000000222E+00  2.236681988181439763E-11  0.000000000000000000E+00  0.000000000000000000E+00  2.500000000250037768E-01  5.855622465639601629E-13  2.500000000244181897E-01
  2.705207941094166291E+00  9.999999999999996669E-01  2.236681988179770538E-11  0.000000000000000000E+00  0.000000000000000000E+00  2.500000000250036658E-01  5.736525106768213503E-13  2.500000000244301246E-01
  2.719183340181401398E+00  9.999999999999995559E-01  2.236681988180555391E-11  0.000000000000000000E+00  0.000000000000000000E+00  2.500000000250037213E-01  5.628118714034644116E-13  2.500000000244408938E-01
  2.733158739543465998E+00  9.999999999999995559E-01  2.236681988181268834E-11  0.000000000000000000E+00  0.000000000000000000E+00  2.500000000250037213E-01  5.513646630679669784E-13  2.500000000244523291E-01
  2.747134139136384157E+00  9.999999999999995559E-01  2.236681988160538266E-11  0.000000000000000000E+00  0.000000000000000000E+00  2.500000000250037213E-01  5.409454055696830293E-13  2.500000000244627651E-01
  2.761109538998562485E+00  9.999999999999994449E-01  2.236681988141017450E-11  0.000000000000000000E+00  0.000000000000000000E+00  2.500000000250036103E-01  5.299427618560404394E-13  2.500000000244737008E-01
  2.775084939087238300E+00  9.999999999999994449E-01  2.236681988156807229E-11  0.000000000000000000E+00  0.000000000000000000E+00  2.500000000250036658E-01  5.199285064780006763E-13  2.500000000244837484E-01
  2.789060339439720426E+00  9.999999999999995559E-01  2.236681988181662068E-11  0.000000000000000000E+00  0.000000000000000000E+00  2.500000000250036658E-01  5.093531621241912627E-13  2.500000000244943510E-01
  2.803035740014426125E+00  9.999999999999996669E-01  2.236681988177589819E-11  0.000000000000000000E+00  0.000000000000000000E+00  2.500000000250036103E-01  4.997281659964620375E-13  2.500000000245039544E-01
  2.817011140847597961E+00  9.999999999999997780E-01  2.236681988188047191E-11  0.000000000000000000E+00  0.000000000000000000E+00  2.500000000250037768E-01  4.895635262024907947E-13  2.500000000245141685E-01
  2.830986541898801612E+00  9.999999999999996669E-01  2.236681988194802930E-11  0.000000000000000000E+00  0.000000000000000000E+00  2.500000000250036658E-01  4.803126583865877502E-13  2.500000000245233833E-01
  2.844961943203233812E+00  9.999999999999998890E-01  2.236681988205108438E-11  0.000000000000000000E+00  0.000000000000000000E+00  2.500000000250037213E-01  4.705427729624451537E-13  2.500000000245332643E-01
  2.858937344721582896E+00  1.000000000000000222E+00  2.236681988211980499E-11  0.000000000000000000E+00  0.000000000000000000E+00  2.500000000250038323E-01  4.616514907637317890E-13  2.500000000245422016E-01
  2.872912746488030411E+00  9.999999999999998890E-01  2.236681988200669127E-11  0.000000000000000000E+00  0.000000000000000000E+00  2.500000000250038323E-01  4.522610289580847972E-13  2.500000000245515830E-01
  2.886888148464359372E+00  9.999999999999997780E-01  2.236681988215171930E-11  0.000000000000000000E+00  0.000000000000000000E+00  2.500000000250038323E-01  4.437153550265922977E-13  2.500000000245601317E-01
  2.900863550683760561E+00  9.999999999999997780E-01  2.236681988234744768E-11  0.000000000000000000E+00  0.000000000000000000E+00  2.500000000250038878E-01  4.346895816130041519E-13  2.500000000245692355E-01
  2.914838953109080588E+00  9.999999999999998890E-01  2.236681988249122201E-11  0.000000000000000000E+00  0.000000000000000000E+00  2.500000000250039434E-01  4.264760819625574074E-13  2.500000000245773957E-01
  2.928814355772551448E+00  1.000000000000000000E+00  2.236681988232480684E-11  0.000000000000000000E+00  0.000000000000000000E+00  2.500000000250038878E-01  4.178008338559914962E-13  2.500000000245861109E-01
  2.942789758638056696E+00  9.999999999999998890E-01  2.236681988232284552E-11  0.000000000000000000E+00  0.000000000000000000E+00  2.500000000250038323E-01  4.099065965645059852E-13  2.500000000245939380E-01
  2.956765161736887748E+00  9.999999999999997780E-01  2.236681988241677899E-11  0.000000000000000000E+00  0.000000000000000000E+00  2.500000000250038323E-01  4.015682607157941188E-13  2.500000000246023202E-01
  2.970740565033939351E+00  9.999999999999996669E-01  2.236681988217870284E-11  0.000000000000000000E+00  0.000000000000000000E+00  2.500000000250038878E-01  3.939808757753993825E-13  2.500000000246098697E-01
  2.984715968559588539E+00  9.999999999999996669E-01  2.236681988230847003E-11  0.000000000000000000E+00  0.000000000000000000E+00  2.500000000250038323E-01  3.859663677111555557E-13  2.500000000246179188E-01
  2.998691372279718603E+00  9.999999999999997780E-01  2.236681988229380049E-11  0.000000000000000000E+00  0.000000000000000000E+00  2.500000000250038878E-01  3.786739073826291951E-13  2.500000000246251908E-01
  3.012666776223814846E+00  9.999999999999997780E-01  2.236681988240122088E-11  0.000000000000000000E+00  0.000000000000000000E+00  2.500000000250038878E-01  3.709706508007695546E-13  2.500000000246329623E-01
  3.026642180358722456E+00  9.999999999999995559E-01  2.236681988274210007E-11  0.000000000000000000E+00  0.000000000000000000E+00  2.500000000250038323E-01  3.639616510868251443E-13  2.500000000246399567E-01
  3.040617584713058985E+00  9.999999999999996669E-01  2.236681988261083039E-11  0.000000000000000000E+00  0.000000000000000000E+00  2.500000000250039434E-01  3.565575581087811120E-13  2.500000000246473397E-01
  3.054592989254606650E+00  1.000000000000000000E+00  2.236681988252634488E-11  0.000000000000000000E+00  0.000000000000000000E+00  2.500000000250039434E-01  3.498209833991109335E-13  2.500000000246541121E-01
  3.068568394011137013E+00  1.000000000000000000E+00  2.236681988256218506E-11  0.000000000000000000E+00  0.000000000000000000E+00  2.500000000250038878E-01  3.427044412809750593E-13  2.500000000246612175E-01
  3.082543798951344005E+00  1.000000000000000222E+00  2.236681988248461426E-11  0.000000000000000000E+00  0.000000000000000000E+00  2.500000000250039989E-01  3.362296839774043009E-13  2.500000000246677123E-01
  3.096519204102177625E+00  1.000000000000000222E+00  2.236681988256409792E-11  0.000000000000000000E+00  0.000000000000000000E+00  2.500000000250039434E-01  3.293895334409940972E-13  2.500000000246745957E-01
  3.110494609433223090E+00  1.000000000000000444E+00  2.236681988258630901E-11  0.000000000000000000E+00  0.000000000000000000E+00  2.500000000250039434E-01  3.231664211109454049E-13  2.500000000246807574E-01
  3.124470014970628817E+00  1.000000000000000222E+00  2.236681988254353149E-11  0.000000000000000000E+00  0.000000000000000000E+00  2.500000000250039434E-01  3.165919301979431598E-13  2.500000000246873633E-01
  3.138445420684843779E+00  9.999999999999998890E-01  2.236681988237439244E-11  0.000000000000000000E+00  0.000000000000000000E+00  2.500000000250039434E-01  3.106106839617946250E-13  2.500000000246934140E-01
  3.152420826601237014E+00  1.000000000000000000E+00  2.236681988224576909E-11  0.000000000000000000E+00  0.000000000000000000E+00  2.500000000250039434E-01  3.042915362691195419E-13  2.500000000246996867E-01
  3.166396232691103485E+00  1.000000000000000444E+00  2.236681988228589704E-11  0.000000000000000000E+00  0.000000000000000000E+00  2.500000000250038878E-01  2.985427566224733450E-13  2.500000000247053489E-01
  3.180371638979052396E+00  1.000000000000000444E+00  2.236681988237172672E-11  0.000000000000000000E+00  0.000000000000000000E+00  2.500000000250038878E-01  2.924690358315277467E-13  2.500000000247114551E-01
  3.194347045437198940E+00  1.000000000000000666E+00  2.236681988222895406E-11  0.000000000000000000E+00  0.000000000000000000E+00  2.500000000250039989E-01  2.869436881970520314E-13  2.500000000247170617E-01
  3.208322452089412913E+00  1.000000000000000888E+00  2.236681988212691681E-11  0.000000000000000000E+00  0.000000000000000000E+00  2.500000000250038878E-01  2.811058627915077934E-13  2.500000000247227239E-01
  3.222297858908612866E+00  1.000000000000000666E+00  2.236681988218554969E-11  0.000000000000000000E+00  0.000000000000000000E+00  2.500000000250038878E-01  2.757952636153769091E-13  2.500000000247280529E-01
  3.236273265917946951E+00  1.000000000000001110E+00  2.236681988215334781E-11  0.000000000000000000E+00  0.000000000000000000E+00  2.500000000250039434E-01  2.701841721879213563E-13  2.500000000247337151E-01
  3.250248673091116647E+00  1.000000000000000888E+00  2.236681988224596942E-11  0.000000000000000000E+00  0.000000000000000000E+00  2.500000000250039989E-01  2.650799754767785980E-13  2.500000000247389331E-01
  3.264224080450561338E+00  1.000000000000000888E+00  2.236681988234648156E-11  0.000000000000000000E+00  0.000000000000000000E+00  2.500000000250039989E-01  2.596868126084881451E-13  2.500000000247443177E-01
  3.278199487970756554E+00  1.000000000000001110E+00  2.236681988245351098E-11  0.000000000000000000E+00  0.000000000000000000E+00  2.500000000250040544E-01  2.547809965292629102E-13  2.500000000247492027E-01
  3.292174895673444901E+00  1.000000000000001110E+00  2.236681988251929445E-11  0.000000000000000000E+00  0.000000000000000000E+00  2.500000000250041099E-01  2.495972979337734846E-13  2.500000000247544207E-01
  3.306150303533853752E+00  1.000000000000001110E+00  2.236681988249534176E-11  0.000000000000000000E+00  0.000000000000000000E+00  2.500000000250041099E-01  2.448821528118750741E-13  2.500000000247591947E-01
  3.320125711573049365E+00  1.000000000000001110E+00  2.236681988250182996E-11  0.000000000000000000E+00  0.000000000000000000E+00  2.500000000250040544E-01  2.398997849618244583E-13  2.500000000247641352E-01
  3.334101119766994525E+00  1.000000000000001332E+00  2.236681988241647526E-11  0.000000000000000000E+00  0.000000000000000000E+00  2.500000000250039989E-01  2.353679011313165921E-13  2.500000000247686871E-01
  3.348076528136098684E+00  1.000000000000001554E+00  2.236681988244920382E-11  0.000000000000000000E+00  0.000000000000000000E+00  2.500000000250039989E-01  2.305790456273918337E-13  2.500000000247735166E-01
  3.362051936657037388E+00  1.000000000000001998E+00  2.236681988242334150E-11  0.000000000000000000E+00  0.000000000000000000E+00  2.500000000250040544E-01  2.262233010155673933E-13  2.500000000247777909E-01
  3.376027345349579711E+00  1.000000000000001776E+00  2.236681988230236634E-11  0.000000000000000000E+00  0.000000000000000000E+00  2.500000000250040544E-01  2.216204425051754190E-13  2.500000000247823984E-01
  3.390002754191097978E+00  1.000000000000001554E+00  2.236681988238418936E-11  0.000000000000000000E+00  0.000000000000000000E+00  2.500000000250040544E-01  2.174339914765734488E-13  2.500000000247865617E-01
  3.403978163200733320E+00  1.000000000000001776E+00  2.236681988237267669E-11  0.000000000000000000E+00  0.000000000000000000E+00  2.500000000250041099E-01  2.130099062727050976E-13  2.500000000247910581E-01
  3.417953572356536185E+00  1.000000000000001776E+00  2.236681988244788550E-11  0.000000000000000000E+00  0.000000000000000000E+00  2.500000000250040544E-01  2.089861691457260381E-13  2.500000000247950549E-01
  3.431928981677045076E+00  1.000000000000001776E+00  2.236681988250270884E-11  0.000000000000000000E+00  0.000000000000000000E+00  2.500000000250040544E-01  2.047339139232617989E-13  2.500000000247993848E-01
  3.445904391140968137E+00  1.000000000000001998E+00  2.236681988240308850E-11  0.000000000000000000E+00  0.000000000000000000E+00  2.500000000250041654E-01  2.008665665815486694E-13  2.500000000248032705E-01
  3.459879800766253677E+00  1.000000000000001998E+00  2.236681988240202545E-11  0.000000000000000000E+00  0.000000000000000000E+00  2.500000000250040544E-01  1.967794676125646009E-13  2.500000000248073229E-01
  3.473855210532250659E+00  1.000000000000001998E+00  2.236681988241746076E-11  0.000000000000000000E+00  0.000000000000000000E+00  2.500000000250041099E-01  1.930624316917223001E-13  2.500000000248110976E-01
  3.487830620456334074E+00  1.000000000000002220E+00  2.236681988246189587E-11  0.000000000000000000E+00  0.000000000000000000E+00  2.500000000250042209E-01  1.891340744167445220E-13  2.500000000248149834E-01
  3.501806030518478163E+00  1.000000000000001998E+00  2.236681988251888732E-11  0.000000000000000000E+00  0.000000000000000000E+00  2.500000000250042209E-01  1.855615078469666643E-13  2.500000000248186471E-01
  3.515781440735498808E+00  1.000000000000001776E+00  2.236681988239880073E-11  0.000000000000000000E+00  0.000000000000000000E+00  2.500000000250042764E-01  1.817857268709474743E-13  2.500000000248224774E-01
  3.529756851087980429E+00  1.000000000000002220E+00  2.236681988246069711E-11  0.000000000000000000E+00  0.000000000000000000E+00  2.500000000250042764E-01  1.783520145652472333E-13  2.500000000248259191E-01
  3.543732261592191346E+00  1.000000000000001776E+00  2.236681988232452896E-11  0.000000000000000000E+00  0.000000000000000000E+00  2.500000000250043319E-01  1.747228838701355948E-13  2.500000000248295828E-01
  3.557707672229312390E+00  1.000000000000001776E+00  2.236681988216487664E-11  0.000000000000000000E+00  0.000000000000000000E+00  2.500000000250042209E-01  1.714226290145823810E-13  2.500000000248328025E-01
  3.571683083015083859E+00  1.000000000000001776E+00  2.236681988229118001E-11  0.000000000000000000E+00  0.000000000000000000E+00  2.500000000250041654E-01  1.679344528420093836E-13  2.500000000248362442E-01
  3.585658493931256352E+00  1.000000000000001554E+00  2.236681988241412619E-11  0.000000000000000000E+00  0.000000000000000000E+00  2.500000000250042764E-01  1.647624683701079970E-13  2.500000000248395748E-01
  3.599633904993059907E+00  1.000000000000001776E+00  2.236681988230152300E-11  0.000000000000000000E+00  0.000000000000000000E+00  2.500000000250043319E-01  1.614097720288154168E-13  2.500000000248429055E-01
  3.613609316182812670E+00  1.000000000000001776E+00  2.236681988241266570E-11  0.000000000000000000E+00  0.000000000000000000E+00  2.500000000250042764E-01  1.583610723798126986E-13  2.500000000248459031E-01
  3.627584727515240193E+00  1.000000000000001776E+00  2.236681988246754397E-11  0.000000000000000000E+00  0.000000000000000000E+00  2.500000000250042209E-01  1.551385938762796969E-13  2.500000000248491228E-01
  3.641560138973204186E+00  1.000000000000001776E+00  2.236681988248916698E-11  0.000000000000000000E+00  0.000000000000000000E+00  2.500000000250042209E-01  1.522083873305036726E-13  2.500000000248520093E-01
  3.655535550570944814E+00  1.000000000000002220E+00  2.236681988242935149E-11  0.000000000000000000E+00  0.000000000000000000E+00  2.500000000250042209E-01  1.491110689860656730E-13  2.500000000248550625E-01
  3.669510962291854916E+00  1.000000000000001554E+00  2.236681988232239639E-11  0.000000000000000000E+00  0.000000000000000000E+00  2.500000000250042209E-01  1.462947499829824060E-13  2.500000000248579490E-01
  3.683486374149703924E+00  1.000000000000001554E+00  2.236681988233720486E-11  0.000000000000000000E+00  0.000000000000000000E+00  2.500000000250042764E-01  1.433177305695840353E-13  2.500000000248609466E-01
  3.697461786128403816E+00  1.000000000000001554E+00  2.236681988234484335E-11  0.000000000000000000E+00  0.000000000000000000E+00  2.500000000250043319E-01  1.406108726121888923E-13  2.500000000248636667E-01
  3.711437198241261726E+00  1.000000000000001554E+00  2.236681988227364443E-11  0.000000000000000000E+00  0.000000000000000000E+00  2.500000000250042209E-01  1.377494797237973419E-13  2.500000000248664977E-01
  3.725412610472690123E+00  1.000000000000001332E+00  2.236681988219608332E-11  0.000000000000000000E+00  0.000000000000000000E+00  2.500000000250041654E-01  1.351478283757097579E-13  2.500000000248690513E-01
  3.739388022835551162E+00  1.000000000000001776E+00  2.236681988212952436E-11  0.000000000000000000E+00  0.000000000000000000E+00  2.500000000250041654E-01  1.323975711381768617E-13  2.500000000248718268E-01
  3.753363435314751140E+00  1.000000000000001776E+00  2.236681988204521980E-11  0.000000000000000000E+00  0.000000000000000000E+00  2.500000000250041654E-01  1.298970373337213874E-13  2.500000000248742693E-01
  3.767338847922715228E+00  1.000000000000001554E+00  2.236681988209717385E-11  0.000000000000000000E+00  0.000000000000000000E+00  2.500000000250041654E-01  1.272535992496147781E-13  2.500000000248768783E-01
  3.781314260644824454E+00  1.000000000000001554E+00  2.236681988201949642E-11  0.000000000000000000E+00  0.000000000000000000E+00  2.500000000250041654E-01  1.248502528514020484E-13  2.500000000248792653E-01
  3.795289673493083882E+00  1.000000000000001554E+00  2.236681988207937331E-11  0.000000000000000000E+00  0.000000000000000000E+00  2.500000000250041099E-01  1.223094851387246576E-13  2.500000000248817633E-01
  3.809265086453337279E+00  1.000000000000001332E+00  2.236681988198181769E-11  0.000000000000000000E+00  0.000000000000000000E+00  2.500000000250041654E-01  1.199995487658120044E-13  2.500000000248840948E-01
  3.823240499537177595E+00  1.000000000000001332E+00  2.236681988202866649E-11  0.000000000000000000E+00  0.000000000000000000E+00  2.500000000250041099E-01  1.175574636827405994E-13  2.500000000248865373E-01
  3.837215912730902456E+00  1.000000000000001110E+00  2.236681988192068065E-11  0.000000000000000000E+00  0.000000000000000000E+00  2.500000000250040544E-01  1.153373067294213181E-13  2.500000000248887022E-01
  3.851191326045704244E+00  1.000000000000001554E+00  2.236681988199039000E-11  0.000000000000000000E+00  0.000000000000000000E+00  2.500000000250041099E-01  1.129900714881236136E-13  2.500000000248911447E-01
  3.865166739468317125E+00  1.000000000000001332E+00  2.236681988205195033E-11  0.000000000000000000E+00  0.000000000000000000E+00  2.500000000250041654E-01  1.108562045142309425E-13  2.500000000248932541E-01
  3.879142153009548455E+00  1.000000000000001332E+00  2.236681988201989385E-11  0.000000000000000000E+00  0.000000000000000000E+00  2.500000000250041654E-01  1.086001351517778922E-13  2.500000000248955856E-01
  3.893117566656560502E+00  1.000000000000001332E+00  2.236681988209349031E-11  0.000000000000000000E+00  0.000000000000000000E+00  2.500000000250041099E-01  1.065492042826134353E-13  2.500000000248975840E-01
  3.907092980419778261E+00  1.000000000000001554E+00  2.236681988212700405E-11  0.000000000000000000E+00  0.000000000000000000E+00  2.500000000250041654E-01  1.043807599046611816E-13  2.500000000248997489E-01
  3.921068394286784109E+00  1.000000000000001332E+00  2.236681988211150734E-11  0.000000000000000000E+00  0.000000000000000000E+00  2.500000000250041099E-01  1.024095416274898048E-13  2.500000000249016918E-01
  3.935043808267637111E+00  1.000000000000001332E+00  2.236681988209568104E-11  0.000000000000000000E+00  0.000000000000000000E+00  2.500000000250041099E-01  1.003253188820492181E-13  2.500000000249037457E-01
  3.949019222350320657E+00  1.000000000000001554E+00  2.236681988205096159E-11  0.000000000000000000E+00  0.000000000000000000E+00  2.500000000250040544E-01  9.843071500356060954E-14  2.500000000249056331E-01
  3.962994636544540317E+00  1.000000000000001554E+00  2.236681988208524758E-11  0.000000000000000000E+00  0.000000000000000000E+00  2.500000000250041099E-01  9.642744275233752144E-14  2.500000000249076315E-01
  3.976970050838670723E+00  1.000000000000001554E+00  2.236681988210164579E-11  0.000000000000000000E+00  0.000000000000000000E+00  2.500000000250040544E-01  9.460646539269469286E-14  2.500000000249094634E-01
  3.990945465242070167E+00  1.000000000000001332E+00  2.236681988221722813E-11  0.000000000000000000E+00  0.000000000000000000E+00  2.500000000250041099E-01  9.268100280286392970E-14  2.500000000249114063E-01
  4.004920879743496087E+00  1.000000000000001332E+00  2.236681988230045671E-11  0.000000000000000000E+00  0.000000000000000000E+00  2.500000000250041099E-01  9.093079149928368580E-14  2.500000000249131826E-01
  4.018896294351971044E+00  1.000000000000001554E+00  2.236681988239521090E-11  0.000000000000000000E+00  0.000000000000000000E+00  2.500000000250040544E-01  8.908011730289670840E-14  2.500000000249149590E-01
  4.032871709056629506E+00  1.000000000000001332E+00  2.236681988232730454E-11  0.000000000000000000E+00  0.000000000000000000E+00  2.500000000250041099E-01  8.739792247253710483E-14  2.500000000249167353E-01
  4.046847123866165852E+00  1.000000000000001110E+00  2.236681988232481977E-11  0.000000000000000000E+00  0.000000000000000000E+00  2.500000000250040544E-01  8.561913219468352297E-14  2.500000000249184007E-01
  4.060822538770066714E+00  1.000000000000001110E+00  2.236681988222855662E-11  0.000000000000000000E+00  0.000000000000000000E+00  2.500000000250039434E-01  8.400231084866339895E-14  2.500000000249199550E-01
  4.074797953776709392E+00  1.000000000000001110E+00  2.236681988209270513E-11  0.000000000000000000E+00  0.000000000000000000E+00  2.500000000250039989E-01  8.229261266960575277E-14  2.500000000249217313E-01
  4.088773368875941117E+00  1.000000000000001110E+00  2.236681988220044864E-11  0.000000000000000000E+00  0.000000000000000000E+00  2.500000000250038878E-01  8.073862444403297886E-14  2.500000000249231746E-01
  4.102748784075830990E+00  1.000000000000001110E+00  2.236681988213231287E-11  0.000000000000000000E+00  0.000000000000000000E+00  2.500000000250039989E-01  7.909533487301211159E-14  2.500000000249248400E-01
  4.116724199366565529E+00  1.000000000000000888E+00  2.236681988197612436E-11  0.000000000000000000E+00  0.000000000000000000E+00  2.500000000250039989E-01  7.760173805601323406E-14  2.500000000249263943E-01
  4.130699614755910076E+00  1.000000000000001110E+00  2.236681988199805434E-11  0.000000000000000000E+00  0.000000000000000000E+00  2.500000000250039434E-01  7.602227777559879121E-14  2.500000000249279486E-01
  4.144675030234384216E+00  1.000000000000001110E+00  2.236681988197864468E-11  0.000000000000000000E+00  0.000000000000000000E+00  2.500000000250039989E-01  7.458672557734045348E-14  2.500000000249293364E-01
  4.158650445809467300E+00  1.000000000000001554E+00  2.236681988189125757E-11  0.000000000000000000E+00  0.000000000000000000E+00  2.500000000250039989E-01  7.306861543834078699E-14  2.500000000249308907E-01
  4.172625861471995989E+00  1.000000000000001332E+00  2.236681988186898832E-11  0.000000000000000000E+00  0.000000000000000000E+00  2.500000000250039989E-01  7.168885222219593961E-14  2.500000000249322230E-01
  4.186601277229174300E+00  1.000000000000001110E+00  2.236681988184094173E-11  0.000000000000000000E+00  0.000000000000000000E+00  2.500000000250039434E-01  7.022970922590953335E-14  2.500000000249337773E-01
  4.200576693072147982E+00  1.000000000000001110E+00  2.236681988181684686E-11  0.000000000000000000E+00  0.000000000000000000E+00  2.500000000250039434E-01  6.890356701973733467E-14  2.500000000249350540E-01
  4.214552109007849268E+00  1.000000000000001110E+00  2.236681988186230948E-11  0.000000000000000000E+00  0.000000000000000000E+00  2.500000000250039434E-01  6.750110099619021844E-14  2.500000000249364418E-01
  4.228527525027725886E+00  1.000000000000000888E+00  2.236681988173648433E-11  0.000000000000000000E+00  0.000000000000000000E+00  2.500000000250039434E-01  6.622649616007872076E-14  2.500000000249377741E-01
  4.242502941138449835E+00  1.000000000000001332E+00  2.236681988177323570E-11  0.000000000000000000E+00  0.000000000000000000E+00  2.500000000250039989E-01  6.487850601059339332E-14  2.500000000249391063E-01
  4.256478357331758389E+00  1.000000000000000888E+00  2.236681988173049050E-11  0.000000000000000000E+00  0.000000000000000000E+00  2.500000000250039434E-01  6.365343589066568219E-14  2.500000000249402721E-01
  4.270453773614070414E+00  1.000000000000000888E+00  2.236681988173703039E-11  0.000000000000000000E+00  0.000000000000000000E+00  2.500000000250039434E-01  6.235780583023066080E-14  2.500000000249414933E-01
  4.284429189977406516E+00  1.000000000000000888E+00  2.236681988175523160E-11  0.000000000000000000E+00  0.000000000000000000E+00  2.500000000250038878E-01  6.118034548267150457E-14  2.500000000249426590E-01
  4.298404606427940422E+00  1.000000000000000888E+00  2.236681988174262356E-11  0.000000000000000000E+00  0.000000000000000000E+00  2.500000000250038323E-01  5.993504181513922312E-14  2.500000000249439913E-01
  4.312380022957969850E+00  1.000000000000000888E+00  2.236681988179652924E-11  0.000000000000000000E+00  0.000000000000000000E+00  2.500000000250038323E-01  5.880334105862340669E-14  2.500000000249449905E-01
  4.326355439573420725E+00  1.000000000000000666E+00  2.236681988178416030E-11  0.000000000000000000E+00  0.000000000000000000E+00  2.500000000250038323E-01  5.760640902100509695E-14  2.500000000249463228E-01
  4.340330856266870541E+00  1.000000000000000666E+00  2.236681988177448617E-11  0.000000000000000000E+00  0.000000000000000000E+00  2.500000000250038878E-01  5.651868955490676477E-14  2.500000000249474330E-01
  4.354306273044013409E+00  1.000000000000000666E+00  2.236681988177841527E-11  0.000000000000000000E+00  0.000000000000000000E+00  2.500000000250038878E-01  5.536825030406155874E-14  2.500000000249485432E-01
  4.368281689897682618E+00  1.000000000000000888E+00  2.236681988178947881E-11  0.000000000000000000E+00  0.000000000000000000E+00  2.500000000250038878E-01  5.432280289945185464E-14  2.500000000249494869E-01
  4.382257106833341354E+00  1.000000000000001332E+00  2.236681988167567686E-11  0.000000000000000000E+00  0.000000000000000000E+00  2.500000000250038323E-01  5.321705050706989482E-14  2.500000000249506527E-01
  4.396232523844078699E+00  1.000000000000000888E+00  2.236681988168938996E-11  0.000000000000000000E+00  0.000000000000000000E+00  2.500000000250038323E-01  5.221223233231827245E-14  2.500000000249515963E-01
  4.410207940935148230E+00  1.000000000000000888E+00  2.236681988171353976E-11  0.000000000000000000E+00  0.000000000000000000E+00  2.500000000250037768E-01  5.114943104562614017E-14  2.500000000249526511E-01
  4.424183358099878838E+00  1.000000000000000222E+00  2.236681988168187102E-11  0.000000000000000000E+00  0.000000000000000000E+00  2.500000000250038323E-01  5.018366313226034729E-14  2.500000000249536503E-01
  4.438158775343303830E+00  1.000000000000000444E+00  2.236681988171449295E-11  0.000000000000000000E+00  0.000000000000000000E+00  2.500000000250038323E-01  4.916214457999000763E-14  2.500000000249546495E-01
  4.452134192659001677E+00  1.000000000000000444E+00  2.236681988171159459E-11  0.000000000000000000E+00  0.000000000000000000E+00  2.500000000250038323E-01  4.823390930133706224E-14  2.500000000249555931E-01
  4.466109610051798740E+00  1.000000000000000222E+00  2.236681988173382507E-11  0.000000000000000000E+00  0.000000000000000000E+00  2.500000000250038323E-01  4.725206993386208499E-14  2.500000000249565368E-01
  4.480085027515499974E+00  1.000000000000000444E+00  2.236681988169502190E-11  0.000000000000000000E+00  0.000000000000000000E+00  2.500000000250038878E-01  4.635990864649529910E-14  2.500000000249574805E-01
  4.494060445054736341E+00  1.000000000000000666E+00  2.236681988163865729E-11  0.000000000000000000E+00  0.000000000000000000E+00  2.500000000250038323E-01  4.541620718770896508E-14  2.500000000249584797E-01
  4.508035862663540172E+00  1.000000000000001110E+00  2.236681988169201044E-11  0.000000000000000000E+00  0.000000000000000000E+00  2.500000000250039434E-01  4.455871793963879832E-14  2.500000000249593124E-01
  4.522011280346346140E+00  1.000000000000001332E+00  2.236681988169103786E-11  0.000000000000000000E+00  0.000000000000000000E+00  2.500000000250038323E-01  4.365167301065716751E-14  2.500000000249602006E-01
  4.535986698097405068E+00  1.000000000000001554E+00  2.236681988169187796E-11  0.000000000000000000E+00  0.000000000000000000E+00  2.500000000250038323E-01  4.282750833335490979E-14  2.500000000249610332E-01
  4.549962115920963335E+00  1.000000000000001332E+00  2.236681988172300064E-11  0.000000000000000000E+00  0.000000000000000000E+00  2.500000000250038323E-01  4.195569604703753274E-14  2.500000000249619214E-01
  4.563937533811483149E+00  1.000000000000001554E+00  2.236681988162479232E-11  0.000000000000000000E+00  0.000000000000000000E+00  2.500000000250037768E-01  4.116356081986249614E-14  2.500000000249626431E-01
  4.577912951773027039E+00  1.000000000000001332E+00  2.236681988169683135E-11  0.000000000000000000E+00  0.000000000000000000E+00  2.500000000250038323E-01  4.032561261913900689E-14  2.500000000249634757E-01
  4.591888369800274816E+00  1.000000000000001332E+00  2.236681988172072912E-11  0.000000000000000000E+00  0.000000000000000000E+00  2.500000000250037213E-01  3.956426206509783070E-14  2.500000000249642529E-01
  4.605863787897107819E+00  1.000000000000001332E+00  2.236681988170845389E-11  0.000000000000000000E+00  0.000000000000000000E+00  2.500000000250037213E-01  3.875886255150372192E-14  2.500000000249650300E-01
  4.619839206058398595E+00  1.000000000000001332E+00  2.236681988170154564E-11  0.000000000000000000E+00  0.000000000000000000E+00  2.500000000250037213E-01  3.802710026636026809E-14  2.500000000249657517E-01
  4.633814624287861506E+00  1.000000000000001554E+00  2.236681988177510655E-11  0.000000000000000000E+00  0.000000000000000000E+00  2.500000000250037213E-01  3.725298513512663308E-14  2.500000000249664733E-01
  4.647790042580567160E+00  1.000000000000001332E+00  2.236681988173760554E-11  0.000000000000000000E+00  0.000000000000000000E+00  2.500000000250037768E-01  3.654966122095757040E-14  2.500000000249671395E-01
  4.661765460940060279E+00  1.000000000000001332E+00  2.236681988178272566E-11  0.000000000000000000E+00  0.000000000000000000E+00  2.500000000250037213E-01  3.580561528284367463E-14  2.500000000249678611E-01
  4.675740879361597102E+00  1.000000000000001554E+00  2.236681988177425352E-11  0.000000000000000000E+00  0.000000000000000000E+00  2.500000000250037213E-01  3.512962454456219625E-14  2.500000000249685828E-01
  4.689716297848571358E+00  1.000000000000001554E+00  2.236681988183053088E-11  0.000000000000000000E+00  0.000000000000000000E+00  2.500000000250037213E-01  3.441447982986616333E-14  2.500000000249693599E-01
  4.703691716396421363E+00  1.000000000000001332E+00  2.236681988177363314E-11  0.000000000000000000E+00  0.000000000000000000E+00  2.500000000250037213E-01  3.376476000465274030E-14  2.500000000249699150E-01
  4.717667135008373869E+00  1.000000000000001110E+00  2.236681988178884550E-11  0.000000000000000000E+00  0.000000000000000000E+00  2.500000000250036658E-01  3.307739387148774133E-14  2.500000000249705812E-01
  4.731642553680052821E+00  1.000000000000001332E+00  2.236681988177529396E-11  0.000000000000000000E+00  0.000000000000000000E+00  2.500000000250037213E-01  3.245292397004522901E-14  2.500000000249712473E-01
  4.745617972414529540E+00  1.000000000000001110E+00  2.236681988177023394E-11  0.000000000000000000E+00  0.000000000000000000E+00  2.500000000250036658E-01  3.179225740435357828E-14  2.500000000249718579E-01
  4.759593391207607382E+00  1.000000000000000888E+00  2.236681988176508668E-11  0.000000000000000000E+00  0.000000000000000000E+00  2.500000000250036658E-01  3.119205613426950273E-14  2.500000000249724130E-01
  4.773568810062213785E+00  1.000000000000001110E+00  2.236681988181703104E-11  0.000000000000000000E+00  0.000000000000000000E+00  2.500000000250035548E-01  3.055705203243301135E-14  2.500000000249730236E-01
  4.787544228974306648E+00  1.000000000000001332E+00  2.236681988173425805E-11  0.000000000000000000E+00  0.000000000000000000E+00  2.500000000250036658E-01  2.998017622668018011E-14  2.500000000249736343E-01
  4.801519647946677516E+00  1.000000000000001332E+00  2.236681988166911757E-11  0.000000000000000000E+00  0.000000000000000000E+00  2.500000000250036103E-01  2.936983776340862656E-14  2.500000000249743004E-01
  4.815495066975454819E+00  1.000000000000001110E+00  2.236681988172913664E-11  0.000000000000000000E+00  0.000000000000000000E+00  2.500000000250036103E-01  2.881538092235470788E-14  2.500000000249748000E-01
  4.829470486063283552E+00  1.000000000000001332E+00  2.236681988178457066E-11  0.000000000000000000E+00  0.000000000000000000E+00  2.500000000250035548E-01  2.822875001680379852E-14  2.500000000249753551E-01
  4.843445905206452018E+00  1.000000000000001110E+00  2.236681988176169395E-11  0.000000000000000000E+00  0.000000000000000000E+00  2.500000000250036103E-01  2.769584086750897039E-14  2.500000000249759102E-01
  4.857421324407473762E+00  1.000000000000001776E+00  2.236681988171135548E-11  0.000000000000000000E+00  0.000000000000000000E+00  2.500000000250036658E-01  2.713199662012240648E-14  2.500000000249765209E-01
  4.871396743662789852E+00  1.000000000000001332E+00  2.236681988172762121E-11  0.000000000000000000E+00  0.000000000000000000E+00  2.500000000250036103E-01  2.661979614764037335E-14  2.500000000249770205E-01
  4.885372162974786825E+00  1.000000000000001554E+00  2.236681988179255489E-11  0.000000000000000000E+00  0.000000000000000000E+00  2.500000000250035548E-01  2.607785397962639784E-14  2.500000000249775201E-01
  4.899347582340051410E+00  1.000000000000001554E+00  2.236681988172535939E-11  0.000000000000000000E+00  0.000000000000000000E+00  2.500000000250035548E-01  2.558555636162022231E-14  2.500000000249780197E-01
  4.913323001760841358E+00  1.000000000000001332E+00  2.236681988174614877E-11  0.000000000000000000E+00  0.000000000000000000E+00  2.500000000250036103E-01  2.506466604476609743E-14  2.500000000249785748E-01
  4.927298421233893500E+00  1.000000000000001776E+00  2.236681988177052475E-11  0.000000000000000000E+00  0.000000000000000000E+00  2.500000000250036103E-01  2.459149809314918567E-14  2.500000000249790189E-01
  4.941273840761341241E+00  1.000000000000001776E+00  2.236681988178506503E-11  0.000000000000000000E+00  0.000000000000000000E+00  2.500000000250035548E-01  2.409084202447489043E-14  2.500000000249794629E-01
  4.955249260340069739E+00  1.000000000000001998E+00  2.236681988177354589E-11  0.000000000000000000E+00  0.000000000000000000E+00  2.500000000250035548E-01  2.363606049997410016E-14  2.500000000249799070E-01
  4.969224679972089831E+00  1.000000000000001776E+00  2.236681988181521512E-11  0.000000000000000000E+00  0.000000000000000000E+00  2.500000000250035548E-01  2.315485277881657123E-14  2.500000000249804066E-01
  4.983200099654418125E+00  1.000000000000001998E+00  2.236681988184548476E-11  0.000000000000000000E+00  0.000000000000000000E+00  2.500000000250035548E-01  2.271774327729738388E-14  2.500000000249808507E-01
  4.997175519388960652E+00  1.000000000000001776E+00  2.236681988188304070E-11  0.000000000000000000E+00  0.000000000000000000E+00  2.500000000250034993E-01  2.225522846682401170E-14  2.500000000249812948E-01
