  #time                     mass                      x-momentum                y-momentum                z-momentum                E_total                   E_kinetic                 E_internal                MagEnergy                
  0.000000000000000000E+00  1.000000000000002665E+00  2.236681987811218601E-11  0.000000000000000000E+00  0.000000000000000000E+00  2.500000000250036103E-01  2.500034831448640601E-11  2.500000000000032196E-01  0.000000000000000000E+00
  7.966060421668938116E-03  1.000000000000002442E+00  2.236681987709339999E-11  0.000000000000000000E+00  0.000000000000000000E+00  2.500000000250036658E-01  2.494638127475916211E-11  2.500000000000572320E-01  0.000000000000000000E+00
  2.194130140808169330E-02  1.000000000000002665E+00  2.236681987776255680E-11  0.000000000000000000E+00  0.000000000000000000E+00  2.500000000250036103E-01  2.485388898229526796E-11  2.500000000001496581E-01  0.000000000000000000E+00
  3.591654350163497184E-02  1.000000000000002665E+00  2.236681987854278199E-11  0.000000000000000000E+00  0.000000000000000000E+00  2.500000000250035548E-01  2.476940289764179846E-11  2.500000000002341460E-01  0.000000000000000000E+00
  4.989178760162880227E-02  1.000000000000002442E+00  2.236681987825417350E-11  0.000000000000000000E+00  0.000000000000000000E+00  2.500000000250034993E-01  2.466790705045732987E-11  2.500000000003356204E-01  0.000000000000000000E+00
  6.386703205033679442E-02  1.000000000000002442E+00  2.236681987768252061E-11  0.000000000000000000E+00  0.000000000000000000E+00  2.500000000250035548E-01  2.457924319388308340E-11  2.500000000004243272E-01  0.000000000000000000E+00
  7.784227829374282259E-02  1.000000000000002665E+00  2.236681987786752472E-11  0.000000000000000000E+00  0.000000000000000000E+00  2.500000000250034993E-01  2.447803002866970446E-11  2.500000000005255241E-01  0.000000000000000000E+00
  9.181752473195438358E-02  1.000000000000002220E+00  2.236681987714514079E-11  0.000000000000000000E+00  0.000000000000000000E+00  2.500000000250034993E-01  2.438513601994408324E-11  2.500000000006183387E-01  0.000000000000000000E+00
  1.057927727083704528E-01  1.000000000000002220E+00  2.236681987761395186E-11  0.000000000000000000E+00  0.000000000000000000E+00  2.500000000250035548E-01  2.428493495193289454E-11  2.500000000007185363E-01  0.000000000000000000E+00
  1.197680208844204564E-01  1.000000000000002442E+00  2.236681987688169022E-11  0.000000000000000000E+00  0.000000000000000000E+00  2.500000000250034993E-01  2.418873063775648459E-11  2.500000000008147372E-01  0.000000000000000000E+00
  1.337432703742447437E-01  1.000000000000002220E+00  2.236681987612426097E-11  0.000000000000000000E+00  0.000000000000000000E+00  2.500000000250034438E-01  2.408947709159198332E-11  2.500000000009139356E-01  0.000000000000000000E+00
  1.477185201075656151E-01  1.000000000000002442E+00  2.236681987686088469E-11  0.000000000000000000E+00  0.000000000000000000E+00  2.500000000250034438E-01  2.399070554390886929E-11  2.500000000010126899E-01  0.000000000000000000E+00
  1.616937709707607085E-01  1.000000000000002665E+00  2.236681987718974069E-11  0.000000000000000000E+00  0.000000000000000000E+00  2.500000000250033882E-01  2.389230314511449448E-11  2.500000000011111112E-01  0.000000000000000000E+00
  1.756690221277939778E-01  1.000000000000002442E+00  2.236681987591287755E-11  0.000000000000000000E+00  0.000000000000000000E+00  2.500000000250033882E-01  2.379152564885033811E-11  2.500000000012118639E-01  0.000000000000000000E+00
  1.896442742685381655E-01  1.000000000000002665E+00  2.236681987636985606E-11  0.000000000000000000E+00  0.000000000000000000E+00  2.500000000250033327E-01  2.369378541443620680E-11  2.500000000013095081E-01  0.000000000000000000E+00
  2.036195267489141758E-01  1.000000000000002442E+00  2.236681987659294280E-11  0.000000000000000000E+00  0.000000000000000000E+00  2.500000000250032772E-01  2.359141779781144530E-11  2.500000000014118151E-01  0.000000000000000000E+00
  2.175947800963628220E-01  1.000000000000002220E+00  2.236681987627093366E-11  0.000000000000000000E+00  0.000000000000000000E+00  2.500000000250032217E-01  2.349415113944076631E-11  2.500000000015091262E-01  0.000000000000000000E+00
  2.315700338202618669E-01  1.000000000000002220E+00  2.236681987720534726E-11  0.000000000000000000E+00  0.000000000000000000E+00  2.500000000250032217E-01  2.339054041606204898E-11  2.500000000016127100E-01  0.000000000000000000E+00
  2.455452883191715230E-01  1.000000000000001998E+00  2.236681987639090070E-11  0.000000000000000000E+00  0.000000000000000000E+00  2.500000000250032217E-01  2.329360463869978496E-11  2.500000000017096324E-01  0.000000000000000000E+00
  2.595205432214300334E-01  1.000000000000002220E+00  2.236681987723361680E-11  0.000000000000000000E+00  0.000000000000000000E+00  2.500000000250032772E-01  2.318911717372152575E-11  2.500000000018141599E-01  0.000000000000000000E+00
  2.734957988256616068E-01  1.000000000000001776E+00  2.236681987586072963E-11  0.000000000000000000E+00  0.000000000000000000E+00  2.500000000250033327E-01  2.309236360284055319E-11  2.500000000019109714E-01  0.000000000000000000E+00
  2.874710548519037179E-01  1.000000000000001776E+00  2.236681987636774611E-11  0.000000000000000000E+00  0.000000000000000000E+00  2.500000000250033882E-01  2.298734942065005129E-11  2.500000000020160540E-01  0.000000000000000000E+00
  3.014463115223468548E-01  1.000000000000001776E+00  2.236681987552345643E-11  0.000000000000000000E+00  0.000000000000000000E+00  2.500000000250033882E-01  2.289065598446280992E-11  2.500000000021128654E-01  0.000000000000000000E+00
  3.154215686270178121E-01  1.000000000000001554E+00  2.236681987599915960E-11  0.000000000000000000E+00  0.000000000000000000E+00  2.500000000250034438E-01  2.278537808445986174E-11  2.500000000022180036E-01  0.000000000000000000E+00
  3.293968263289430709E-01  1.000000000000001776E+00  2.236681987642295395E-11  0.000000000000000000E+00  0.000000000000000000E+00  2.500000000250034438E-01  2.268871134153748889E-11  2.500000000023147595E-01  0.000000000000000000E+00
  3.433720844726187993E-01  1.000000000000001776E+00  2.236681987640180915E-11  0.000000000000000000E+00  0.000000000000000000E+00  2.500000000250034993E-01  2.258337611468585024E-11  2.500000000024201752E-01  0.000000000000000000E+00
  3.573473431752580143E-01  1.000000000000001776E+00  2.236681987740553789E-11  0.000000000000000000E+00  0.000000000000000000E+00  2.500000000250034993E-01  2.248675685037129908E-11  2.500000000025167091E-01  0.000000000000000000E+00
  3.713226023236303464E-01  1.000000000000001776E+00  2.236681987698199557E-11  0.000000000000000000E+00  0.000000000000000000E+00  2.500000000250033882E-01  2.238152471217321886E-11  2.500000000026218472E-01  0.000000000000000000E+00
  3.852978619993509546E-01  1.000000000000001776E+00  2.236681987791257699E-11  0.000000000000000000E+00  0.000000000000000000E+00  2.500000000250033327E-01  2.228500404763111424E-11  2.500000000027183256E-01  0.000000000000000000E+00
  3.992731221221593740E-01  1.000000000000001776E+00  2.236681987830502249E-11  0.000000000000000000E+00  0.000000000000000000E+00  2.500000000250032772E-01  2.218000641382046427E-11  2.500000000028232972E-01  0.000000000000000000E+00
  4.132483827465646131E-01  1.000000000000001554E+00  2.236681987806460051E-11  0.000000000000000000E+00  0.000000000000000000E+00  2.500000000250032772E-01  2.208364745182058258E-11  2.500000000029196090E-01  0.000000000000000000E+00
  4.272236438172982154E-01  1.000000000000001554E+00  2.236681987602938400E-11  0.000000000000000000E+00  0.000000000000000000E+00  2.500000000250032772E-01  2.197898623471965662E-11  2.500000000030242475E-01  0.000000000000000000E+00
  4.411989053681240058E-01  1.000000000000001776E+00  2.236681987593996125E-11  0.000000000000000000E+00  0.000000000000000000E+00  2.500000000250032772E-01  2.188285938509607215E-11  2.500000000031203928E-01  0.000000000000000000E+00
  4.551741673629530749E-01  1.000000000000001554E+00  2.236681987737141023E-11  0.000000000000000000E+00  0.000000000000000000E+00  2.500000000250031662E-01  2.177862054045856682E-11  2.500000000032245873E-01  0.000000000000000000E+00
  4.691494298201024371E-01  1.000000000000001776E+00  2.236681987759224160E-11  0.000000000000000000E+00  0.000000000000000000E+00  2.500000000250031662E-01  2.168279995015085588E-11  2.500000000033203440E-01  0.000000000000000000E+00
  4.831246927177558215E-01  1.000000000000001554E+00  2.236681987726261659E-11  0.000000000000000000E+00  0.000000000000000000E+00  2.500000000250030552E-01  2.157904977415468573E-11  2.500000000034240388E-01  0.000000000000000000E+00
  4.970999560627296643E-01  1.000000000000001554E+00  2.236681987717604697E-11  0.000000000000000000E+00  0.000000000000000000E+00  2.500000000250031662E-01  2.148359820195276586E-11  2.500000000035194625E-01  0.000000000000000000E+00
  5.110752198438857086E-01  1.000000000000001554E+00  2.236681987695486340E-11  0.000000000000000000E+00  0.000000000000000000E+00  2.500000000250030552E-01  2.138039605734891066E-11  2.500000000036227132E-01  0.000000000000000000E+00
  5.250504840597480793E-01  1.000000000000001332E+00  2.236681987753465885E-11  0.000000000000000000E+00  0.000000000000000000E+00  2.500000000250029997E-01  2.128538336717029591E-11  2.500000000037176373E-01  0.000000000000000000E+00
  5.390257487069933795E-01  1.000000000000001554E+00  2.236681987714166727E-11  0.000000000000000000E+00  0.000000000000000000E+00  2.500000000250029997E-01  2.118277476439111274E-11  2.500000000038202774E-01  0.000000000000000000E+00
  5.530010137787489954E-01  1.000000000000001554E+00  2.236681987749451474E-11  0.000000000000000000E+00  0.000000000000000000E+00  2.500000000250029442E-01  2.108825098179166425E-11  2.500000000039147574E-01  0.000000000000000000E+00
  5.669762792765782322E-01  1.000000000000001554E+00  2.236681987820462344E-11  0.000000000000000000E+00  0.000000000000000000E+00  2.500000000250028331E-01  2.098627440898132162E-11  2.500000000040166204E-01  0.000000000000000000E+00
  5.809515451903594085E-01  1.000000000000001332E+00  2.236681987848096316E-11  0.000000000000000000E+00  0.000000000000000000E+00  2.500000000250028886E-01  2.089229211125263227E-11  2.500000000041106563E-01  0.000000000000000000E+00
  5.949268115246482136E-01  1.000000000000001554E+00  2.236681987934001284E-11  0.000000000000000000E+00  0.000000000000000000E+00  2.500000000250028886E-01  2.079097966201119092E-11  2.500000000042120196E-01  0.000000000000000000E+00
  6.089020782677129207E-01  1.000000000000001332E+00  2.236681987908253672E-11  0.000000000000000000E+00  0.000000000000000000E+00  2.500000000250029442E-01  2.069758413824631594E-11  2.500000000043053894E-01  0.000000000000000000E+00
  6.228773454255471798E-01  1.000000000000001332E+00  2.236681987866495915E-11  0.000000000000000000E+00  0.000000000000000000E+00  2.500000000250029442E-01  2.059696100385406922E-11  2.500000000044060866E-01  0.000000000000000000E+00
  6.368526129861761254E-01  1.000000000000001554E+00  2.236681987762981370E-11  0.000000000000000000E+00  0.000000000000000000E+00  2.500000000250029997E-01  2.050419122500905900E-11  2.500000000044987902E-01  0.000000000000000000E+00
  6.508278809557043187E-01  1.000000000000001332E+00  2.236681987700730212E-11  0.000000000000000000E+00  0.000000000000000000E+00  2.500000000250030552E-01  2.040428029606055328E-11  2.500000000045987658E-01  0.000000000000000000E+00
  6.648031493230717182E-01  1.000000000000001776E+00  2.236681987661959352E-11  0.000000000000000000E+00  0.000000000000000000E+00  2.500000000250031107E-01  2.031216886607571440E-11  2.500000000046909143E-01  0.000000000000000000E+00
  6.787784180933604805E-01  1.000000000000001332E+00  2.236681987687364783E-11  0.000000000000000000E+00  0.000000000000000000E+00  2.500000000250031107E-01  2.021298685339160296E-11  2.500000000047901128E-01  0.000000000000000000E+00
  6.927536872574286964E-01  1.000000000000001554E+00  2.236681987699332730E-11  0.000000000000000000E+00  0.000000000000000000E+00  2.500000000250029997E-01  2.012156153737445052E-11  2.500000000048814841E-01  0.000000000000000000E+00
  7.067289568183791060E-01  1.000000000000001332E+00  2.236681987700413234E-11  0.000000000000000000E+00  0.000000000000000000E+00  2.500000000250029997E-01  2.002312383084245603E-11  2.500000000049799054E-01  0.000000000000000000E+00
  7.207042267698444693E-01  1.000000000000001332E+00  2.236681987717538458E-11  0.000000000000000000E+00  0.000000000000000000E+00  2.500000000250031107E-01  1.993240747725941198E-11  2.500000000050707216E-01  0.000000000000000000E+00
  7.346794971121529683E-01  1.000000000000001776E+00  2.236681987712786370E-11  0.000000000000000000E+00  0.000000000000000000E+00  2.500000000250031107E-01  1.983472526083910002E-11  2.500000000051683657E-01  0.000000000000000000E+00
  7.486547678424191332E-01  1.000000000000001554E+00  2.236681987790781747E-11  0.000000000000000000E+00  0.000000000000000000E+00  2.500000000250032217E-01  1.974473690538733561E-11  2.500000000052584048E-01  0.000000000000000000E+00
  7.626300389575331184E-01  1.000000000000001776E+00  2.236681987748692471E-11  0.000000000000000000E+00  0.000000000000000000E+00  2.500000000250032217E-01  1.964781986472828493E-11  2.500000000053553828E-01  0.000000000000000000E+00
  7.766053104586705391E-01  1.000000000000001776E+00  2.236681987724022455E-11  0.000000000000000000E+00  0.000000000000000000E+00  2.500000000250032217E-01  1.955857487503964683E-11  2.500000000054445892E-01  0.000000000000000000E+00
  7.905805823387301867E-01  1.000000000000001776E+00  2.236681987823404328E-11  0.000000000000000000E+00  0.000000000000000000E+00  2.500000000250032217E-01  1.946242980339589649E-11  2.500000000055407900E-01  0.000000000000000000E+00
  8.045558546031789104E-01  1.000000000000001554E+00  2.236681987882102486E-11  0.000000000000000000E+00  0.000000000000000000E+00  2.500000000250032772E-01  1.937394091620868514E-11  2.500000000056293858E-01  0.000000000000000000E+00
  8.185311272407513883E-01  1.000000000000001776E+00  2.236681987941005824E-11  0.000000000000000000E+00  0.000000000000000000E+00  2.500000000250032217E-01  1.927857452980279855E-11  2.500000000057246430E-01  0.000000000000000000E+00
  8.325064002614589453E-01  1.000000000000001776E+00  2.236681987720346995E-11  0.000000000000000000E+00  0.000000000000000000E+00  2.500000000250032217E-01  1.919085245456282495E-11  2.500000000058124061E-01  0.000000000000000000E+00
  8.464816736495828220E-01  1.000000000000001998E+00  2.236681987725840960E-11  0.000000000000000000E+00  0.000000000000000000E+00  2.500000000250032772E-01  1.909626893736459034E-11  2.500000000059070526E-01  0.000000000000000000E+00
  8.604569474199755819E-01  1.000000000000001998E+00  2.236681987860527936E-11  0.000000000000000000E+00  0.000000000000000000E+00  2.500000000250032772E-01  1.900932216534671629E-11  2.500000000059939276E-01  0.000000000000000000E+00
  8.744322215521175279E-01  1.000000000000001998E+00  2.236681987742929995E-11  0.000000000000000000E+00  0.000000000000000000E+00  2.500000000250033327E-01  1.891552535060823425E-11  2.500000000060877969E-01  0.000000000000000000E+00
  8.884074960659829046E-01  1.000000000000002442E+00  2.236681987656819200E-11  0.000000000000000000E+00  0.000000000000000000E+00  2.500000000250033882E-01  1.882935973411905142E-11  2.500000000061739502E-01  0.000000000000000000E+00
  9.023827709359496518E-01  1.000000000000002220E+00  2.236681987591498428E-11  0.000000000000000000E+00  0.000000000000000000E+00  2.500000000250033327E-01  1.873635009559161634E-11  2.500000000062669314E-01  0.000000000000000000E+00
  9.163580461874983873E-01  1.000000000000002220E+00  2.236681987597963038E-11  0.000000000000000000E+00  0.000000000000000000E+00  2.500000000250033882E-01  1.865096775158375316E-11  2.500000000063523631E-01  0.000000000000000000E+00
  9.303333217894858009E-01  1.000000000000002220E+00  2.236681987524943023E-11  0.000000000000000000E+00  0.000000000000000000E+00  2.500000000250032772E-01  1.855874675841040775E-11  2.500000000064445116E-01  0.000000000000000000E+00
  9.443085977729930303E-01  1.000000000000002220E+00  2.236681987553713399E-11  0.000000000000000000E+00  0.000000000000000000E+00  2.500000000250031107E-01  1.847414674997188529E-11  2.500000000065289996E-01  0.000000000000000000E+00
  9.582838741013699480E-01  1.000000000000001998E+00  2.236681987486245834E-11  0.000000000000000000E+00  0.000000000000000000E+00  2.500000000250031107E-01  1.838271447161848191E-11  2.500000000066204264E-01  0.000000000000000000E+00
  9.722591508113707093E-01  1.000000000000002220E+00  2.236681987586645850E-11  0.000000000000000000E+00  0.000000000000000000E+00  2.500000000250031662E-01  1.829889883491943120E-11  2.500000000067043038E-01  0.000000000000000000E+00
  9.862344278607922954E-01  1.000000000000001998E+00  2.236681987664321987E-11  0.000000000000000000E+00  0.000000000000000000E+00  2.500000000250031662E-01  1.820825530733280620E-11  2.500000000067948980E-01  0.000000000000000000E+00
  1.000209705292188556E+00  1.000000000000002220E+00  2.236681987599055821E-11  0.000000000000000000E+00  0.000000000000000000E+00  2.500000000250031107E-01  1.812522464371613915E-11  2.500000000068779427E-01  0.000000000000000000E+00
  1.014184983057659917E+00  1.000000000000001998E+00  2.236681987566704335E-11  0.000000000000000000E+00  0.000000000000000000E+00  2.500000000250031107E-01  1.803536894482932663E-11  2.500000000069677042E-01  0.000000000000000000E+00
  1.028160261205655068E+00  1.000000000000001776E+00  2.236681987602518671E-11  0.000000000000000000E+00  0.000000000000000000E+00  2.500000000250031107E-01  1.795312237044164706E-11  2.500000000070500827E-01  0.000000000000000000E+00
  1.042135539682465639E+00  1.000000000000001776E+00  2.236681987675107970E-11  0.000000000000000000E+00  0.000000000000000000E+00  2.500000000250032217E-01  1.786405124245809142E-11  2.500000000071391226E-01  0.000000000000000000E+00
  1.056110818542451479E+00  1.000000000000001776E+00  2.236681987754875323E-11  0.000000000000000000E+00  0.000000000000000000E+00  2.500000000250031662E-01  1.778258348823351164E-11  2.500000000072205575E-01  0.000000000000000000E+00
  1.070086097726038687E+00  1.000000000000001776E+00  2.236681987691068355E-11  0.000000000000000000E+00  0.000000000000000000E+00  2.500000000250031662E-01  1.769429577436942809E-11  2.500000000073088757E-01  0.000000000000000000E+00
  1.084061377293504824E+00  1.000000000000001554E+00  2.236681987634463675E-11  0.000000000000000000E+00  0.000000000000000000E+00  2.500000000250032217E-01  1.761360233330777124E-11  2.500000000073896445E-01  0.000000000000000000E+00
  1.098036657179410236E+00  1.000000000000001554E+00  2.236681987572837104E-11  0.000000000000000000E+00  0.000000000000000000E+00  2.500000000250032772E-01  1.752609595316308686E-11  2.500000000074771855E-01  0.000000000000000000E+00
  1.112011937450014143E+00  1.000000000000001554E+00  2.236681987664690341E-11  0.000000000000000000E+00  0.000000000000000000E+00  2.500000000250032772E-01  1.744617437416026735E-11  2.500000000075571771E-01  0.000000000000000000E+00
  1.125987218033908777E+00  1.000000000000001776E+00  2.236681987576833743E-11  0.000000000000000000E+00  0.000000000000000000E+00  2.500000000250032772E-01  1.735944556500454595E-11  2.500000000076438855E-01  0.000000000000000000E+00
  1.139962499003414065E+00  1.000000000000001554E+00  2.236681987626313361E-11  0.000000000000000000E+00  0.000000000000000000E+00  2.500000000250032772E-01  1.728029245465277126E-11  2.500000000077229889E-01  0.000000000000000000E+00
  1.153937780281088177E+00  1.000000000000001554E+00  2.236681987586119169E-11  0.000000000000000000E+00  0.000000000000000000E+00  2.500000000250032772E-01  1.719433799530453276E-11  2.500000000078089202E-01  0.000000000000000000E+00
  1.167913061945221820E+00  1.000000000000001776E+00  2.236681987670345542E-11  0.000000000000000000E+00  0.000000000000000000E+00  2.500000000250033327E-01  1.711594631720310852E-11  2.500000000078874685E-01  0.000000000000000000E+00
  1.181888343912480765E+00  1.000000000000001776E+00  2.236681987687095303E-11  0.000000000000000000E+00  0.000000000000000000E+00  2.500000000250033882E-01  1.703076310898030510E-11  2.500000000079726226E-01  0.000000000000000000E+00
  1.195863626267192670E+00  1.000000000000001776E+00  2.236681987767587409E-11  0.000000000000000000E+00  0.000000000000000000E+00  2.500000000250034438E-01  1.695312560974345895E-11  2.500000000080503382E-01  0.000000000000000000E+00
  1.209838908920048972E+00  1.000000000000001776E+00  2.236681987733774785E-11  0.000000000000000000E+00  0.000000000000000000E+00  2.500000000250034993E-01  1.686870989792816850E-11  2.500000000081348261E-01  0.000000000000000000E+00
  1.223814191961471565E+00  1.000000000000001776E+00  2.236681987756185241E-11  0.000000000000000000E+00  0.000000000000000000E+00  2.500000000250034993E-01  1.679182239945590540E-11  2.500000000082117091E-01  0.000000000000000000E+00
  1.237789475296140695E+00  1.000000000000001776E+00  2.236681987763426302E-11  0.000000000000000000E+00  0.000000000000000000E+00  2.500000000250036103E-01  1.670817036824187714E-11  2.500000000082954199E-01  0.000000000000000000E+00
  1.251764759020568274E+00  1.000000000000001776E+00  2.236681987748522834E-11  0.000000000000000000E+00  0.000000000000000000E+00  2.500000000250035548E-01  1.663202782082984177E-11  2.500000000083715257E-01  0.000000000000000000E+00
  1.265740043033413365E+00  1.000000000000001776E+00  2.236681987669624344E-11  0.000000000000000000E+00  0.000000000000000000E+00  2.500000000250035548E-01  1.654913462507217558E-11  2.500000000084544038E-01  0.000000000000000000E+00
  1.279715327437025874E+00  1.000000000000001554E+00  2.236681987691839313E-11  0.000000000000000000E+00  0.000000000000000000E+00  2.500000000250034993E-01  1.647372792565641460E-11  2.500000000085297880E-01  0.000000000000000000E+00
  1.293690612124319017E+00  1.000000000000001554E+00  2.236681987693294634E-11  0.000000000000000000E+00  0.000000000000000000E+00  2.500000000250034993E-01  1.639159003615109950E-11  2.500000000086119445E-01  0.000000000000000000E+00
  1.307665897203573069E+00  1.000000000000001776E+00  2.236681987739189587E-11  0.000000000000000000E+00  0.000000000000000000E+00  2.500000000250034993E-01  1.631691215835353971E-11  2.500000000086866070E-01  0.000000000000000000E+00
  1.321641182561764216E+00  1.000000000000001776E+00  2.236681987740523739E-11  0.000000000000000000E+00  0.000000000000000000E+00  2.500000000250035548E-01  1.623552561679430843E-11  2.500000000087680418E-01  0.000000000000000000E+00
  1.335616468313128413E+00  1.000000000000001998E+00  2.236681987716222077E-11  0.000000000000000000E+00  0.000000000000000000E+00  2.500000000250035548E-01  1.616157113370128453E-11  2.500000000088419827E-01  0.000000000000000000E+00
  1.349591754338685057E+00  1.000000000000002220E+00  2.236681987627948981E-11  0.000000000000000000E+00  0.000000000000000000E+00  2.500000000250036658E-01  1.608093109759496798E-11  2.500000000089226959E-01  0.000000000000000000E+00
  1.363567040758455917E+00  1.000000000000001998E+00  2.236681987785883610E-11  0.000000000000000000E+00  0.000000000000000000E+00  2.500000000250036658E-01  1.600769444366164471E-11  2.500000000089959706E-01  0.000000000000000000E+00
  1.377542327447748738E+00  1.000000000000001998E+00  2.236681987794695991E-11  0.000000000000000000E+00  0.000000000000000000E+00  2.500000000250037213E-01  1.592779561217347241E-11  2.500000000090759067E-01  0.000000000000000000E+00
  1.391517614532402414E+00  1.000000000000001776E+00  2.236681987753651677E-11  0.000000000000000000E+00  0.000000000000000000E+00  2.500000000250037768E-01  1.585526540308381770E-11  2.500000000091485153E-01  0.000000000000000000E+00
  1.405492901881911560E+00  1.000000000000001776E+00  2.236681987719885260E-11  0.000000000000000000E+00  0.000000000000000000E+00  2.500000000250039434E-01  1.577610448202187195E-11  2.500000000092277852E-01  0.000000000000000000E+00
  1.419468189628007471E+00  1.000000000000001776E+00  2.236681987744984698E-11  0.000000000000000000E+00  0.000000000000000000E+00  2.500000000250038878E-01  1.570427486500806662E-11  2.500000000092996721E-01  0.000000000000000000E+00
  1.433443477634353647E+00  1.000000000000001776E+00  2.236681987722857940E-11  0.000000000000000000E+00  0.000000000000000000E+00  2.500000000250039434E-01  1.562584721243424249E-11  2.500000000093780539E-01  0.000000000000000000E+00
  1.447418766038570004E+00  1.000000000000001776E+00  2.236681987665778600E-11  0.000000000000000000E+00  0.000000000000000000E+00  2.500000000250038323E-01  1.555471223575841378E-11  2.500000000094491082E-01  0.000000000000000000E+00
  1.461394054698500478E+00  1.000000000000001554E+00  2.236681987716344862E-11  0.000000000000000000E+00  0.000000000000000000E+00  2.500000000250037768E-01  1.547701171163592532E-11  2.500000000095268238E-01  0.000000000000000000E+00
  1.475369343757352514E+00  1.000000000000001554E+00  2.236681987687336349E-11  0.000000000000000000E+00  0.000000000000000000E+00  2.500000000250038323E-01  1.540656390872873493E-11  2.500000000095973229E-01  0.000000000000000000E+00
  1.489344633067520629E+00  1.000000000000001332E+00  2.236681987681298577E-11  0.000000000000000000E+00  0.000000000000000000E+00  2.500000000250037768E-01  1.532958690269129770E-11  2.500000000096742059E-01  0.000000000000000000E+00
  1.503319922777863749E+00  1.000000000000001332E+00  2.236681987786213836E-11  0.000000000000000000E+00  0.000000000000000000E+00  2.500000000250037768E-01  1.525981620207872561E-11  2.500000000097439834E-01  0.000000000000000000E+00
  1.517295212735109811E+00  1.000000000000001110E+00  2.236681987797553642E-11  0.000000000000000000E+00  0.000000000000000000E+00  2.500000000250038323E-01  1.518355850497765498E-11  2.500000000098202002E-01  0.000000000000000000E+00
  1.531270503093793200E+00  1.000000000000001110E+00  2.236681987746026106E-11  0.000000000000000000E+00  0.000000000000000000E+00  2.500000000250038323E-01  1.511445911635084896E-11  2.500000000098893671E-01  0.000000000000000000E+00
  1.545245793694978387E+00  1.000000000000001110E+00  2.236681987866026748E-11  0.000000000000000000E+00  0.000000000000000000E+00  2.500000000250038323E-01  1.503891506365693232E-11  2.500000000099649178E-01  0.000000000000000000E+00
  1.559221084698707349E+00  1.000000000000001110E+00  2.236681987835224610E-11  0.000000000000000000E+00  0.000000000000000000E+00  2.500000000250037768E-01  1.497048111914067268E-11  2.500000000100333075E-01  0.000000000000000000E+00
  1.573196375940577596E+00  1.000000000000000888E+00  2.236681987759518843E-11  0.000000000000000000E+00  0.000000000000000000E+00  2.500000000250037768E-01  1.489564551880842800E-11  2.500000000101081921E-01  0.000000000000000000E+00
  1.587171667586036783E+00  1.000000000000000888E+00  2.236681987731958219E-11  0.000000000000000000E+00  0.000000000000000000E+00  2.500000000250037213E-01  1.482786676986790901E-11  2.500000000101758602E-01  0.000000000000000000E+00
  1.601146959465298059E+00  1.000000000000000888E+00  2.236681987807578037E-11  0.000000000000000000E+00  0.000000000000000000E+00  2.500000000250036658E-01  1.475373621194990584E-11  2.500000000102500231E-01  0.000000000000000000E+00
  1.615122251749314453E+00  1.000000000000000888E+00  2.236681987713336962E-11  0.000000000000000000E+00  0.000000000000000000E+00  2.500000000250036658E-01  1.468660541433909669E-11  2.500000000103170250E-01  0.000000000000000000E+00
  1.629097544262803732E+00  1.000000000000001110E+00  2.236681987722027528E-11  0.000000000000000000E+00  0.000000000000000000E+00  2.500000000250034993E-01  1.461317490167919202E-11  2.500000000103903552E-01  0.000000000000000000E+00
  1.643072837182246504E+00  1.000000000000000888E+00  2.236681987711115853E-11  0.000000000000000000E+00  0.000000000000000000E+00  2.500000000250034993E-01  1.454668609551418405E-11  2.500000000104568021E-01  0.000000000000000000E+00
  1.657048130326883806E+00  1.000000000000001110E+00  2.236681987757360419E-11  0.000000000000000000E+00  0.000000000000000000E+00  2.500000000250035548E-01  1.447394960341443669E-11  2.500000000105296327E-01  0.000000000000000000E+00
  1.671023423878425618E+00  1.000000000000001110E+00  2.236681987738923662E-11  0.000000000000000000E+00  0.000000000000000000E+00  2.500000000250036103E-01  1.440809606898948486E-11  2.500000000105955245E-01  0.000000000000000000E+00
  1.684998717651037481E+00  1.000000000000000888E+00  2.236681987760712116E-11  0.000000000000000000E+00  0.000000000000000000E+00  2.500000000250036103E-01  1.433604990878550794E-11  2.500000000106675779E-01  0.000000000000000000E+00
  1.698974011831732245E+00  1.000000000000000888E+00  2.236681987790269929E-11  0.000000000000000000E+00  0.000000000000000000E+00  2.500000000250035548E-01  1.427082104507248850E-11  2.500000000107328035E-01  0.000000000000000000E+00
  1.712949306229366586E+00  1.000000000000001110E+00  2.236681987909613997E-11  0.000000000000000000E+00  0.000000000000000000E+00  2.500000000250036103E-01  1.419946103358730762E-11  2.500000000108041909E-01  0.000000000000000000E+00
  1.726924601036279983E+00  1.000000000000001110E+00  2.236681987943675420E-11  0.000000000000000000E+00  0.000000000000000000E+00  2.500000000250036103E-01  1.413485114782199261E-11  2.500000000108688059E-01  0.000000000000000000E+00
  1.740899896056029572E+00  1.000000000000001332E+00  2.236681987921708282E-11  0.000000000000000000E+00  0.000000000000000000E+00  2.500000000250036103E-01  1.406417145697708941E-11  2.500000000109394160E-01  0.000000000000000000E+00
  1.754875191486108932E+00  1.000000000000000888E+00  2.236681987977063467E-11  0.000000000000000000E+00  0.000000000000000000E+00  2.500000000250036658E-01  1.400017485685626350E-11  2.500000000110034204E-01  0.000000000000000000E+00
  1.768850487124973947E+00  1.000000000000001110E+00  2.236681987890173960E-11  0.000000000000000000E+00  0.000000000000000000E+00  2.500000000250035548E-01  1.393017056864067396E-11  2.500000000110734200E-01  0.000000000000000000E+00
  1.782825783175110423E+00  1.000000000000001110E+00  2.236681987784350094E-11  0.000000000000000000E+00  0.000000000000000000E+00  2.500000000250035548E-01  1.386677773441930103E-11  2.500000000111367582E-01  0.000000000000000000E+00
  1.796801079430003556E+00  1.000000000000001110E+00  2.236681987849085055E-11  0.000000000000000000E+00  0.000000000000000000E+00  2.500000000250034993E-01  1.379744548796703167E-11  2.500000000112060361E-01  0.000000000000000000E+00
  1.810776376097218643E+00  1.000000000000001110E+00  2.236681987819970883E-11  0.000000000000000000E+00  0.000000000000000000E+00  2.500000000250034993E-01  1.373464906100611394E-11  2.500000000112688747E-01  0.000000000000000000E+00
  1.824751672965136962E+00  1.000000000000001332E+00  2.236681987888942559E-11  0.000000000000000000E+00  0.000000000000000000E+00  2.500000000250033882E-01  1.366598379837431027E-11  2.500000000113374310E-01  0.000000000000000000E+00
  1.838726970246435721E+00  1.000000000000001110E+00  2.236681987906880423E-11  0.000000000000000000E+00  0.000000000000000000E+00  2.500000000250034993E-01  1.360377808692572554E-11  2.500000000113997145E-01  0.000000000000000000E+00
  1.852702267724410490E+00  1.000000000000001110E+00  2.236681987968934802E-11  0.000000000000000000E+00  0.000000000000000000E+00  2.500000000250035548E-01  1.353577413527782104E-11  2.500000000114677712E-01  0.000000000000000000E+00
  1.866677565616553514E+00  1.000000000000001110E+00  2.236681987967950586E-11  0.000000000000000000E+00  0.000000000000000000E+00  2.500000000250035548E-01  1.347415285796500242E-11  2.500000000115293886E-01  0.000000000000000000E+00
  1.880652863701496980E+00  1.000000000000001332E+00  2.236681988013483971E-11  0.000000000000000000E+00  0.000000000000000000E+00  2.500000000250034993E-01  1.340680662404846721E-11  2.500000000115967236E-01  0.000000000000000000E+00
  1.894628162201640320E+00  1.000000000000000888E+00  2.236681988030320327E-11  0.000000000000000000E+00  0.000000000000000000E+00  2.500000000250035548E-01  1.334575956593313601E-11  2.500000000116578414E-01  0.000000000000000000E+00
  1.908603460890698322E+00  1.000000000000000888E+00  2.236681987994723127E-11  0.000000000000000000E+00  0.000000000000000000E+00  2.500000000250035548E-01  1.327906697771869241E-11  2.500000000117245658E-01  0.000000000000000000E+00
  1.922578759996025122E+00  1.000000000000000666E+00  2.236681987937251523E-11  0.000000000000000000E+00  0.000000000000000000E+00  2.500000000250036658E-01  1.321858871060922000E-11  2.500000000117850174E-01  0.000000000000000000E+00
  1.936554059286424545E+00  1.000000000000001332E+00  2.236681987914315355E-11  0.000000000000000000E+00  0.000000000000000000E+00  2.500000000250036103E-01  1.315254404650104977E-11  2.500000000118510202E-01  0.000000000000000000E+00
  1.950529358994026241E+00  1.000000000000001110E+00  2.236681987891804410E-11  0.000000000000000000E+00  0.000000000000000000E+00  2.500000000250035548E-01  1.309262922269733282E-11  2.500000000119109167E-01  0.000000000000000000E+00
  1.964504658882933796E+00  1.000000000000001110E+00  2.236681987778823817E-11  0.000000000000000000E+00  0.000000000000000000E+00  2.500000000250036103E-01  1.302722789085849264E-11  2.500000000119763088E-01  0.000000000000000000E+00
  1.978479959189893167E+00  1.000000000000001110E+00  2.236681987907483683E-11  0.000000000000000000E+00  0.000000000000000000E+00  2.500000000250035548E-01  1.296786752679160287E-11  2.500000000120357058E-01  0.000000000000000000E+00
  1.992455259674421830E+00  1.000000000000001332E+00  2.236681987845713648E-11  0.000000000000000000E+00  0.000000000000000000E+00  2.500000000250034993E-01  1.290310627360638425E-11  2.500000000121003763E-01  0.000000000000000000E+00
  2.006430560577938227E+00  1.000000000000001332E+00  2.236681987880044552E-11  0.000000000000000000E+00  0.000000000000000000E+00  2.500000000250035548E-01  1.284429338149126302E-11  2.500000000121592181E-01  0.000000000000000000E+00
  2.020405861655248714E+00  1.000000000000001110E+00  2.236681987940110789E-11  0.000000000000000000E+00  0.000000000000000000E+00  2.500000000250035548E-01  1.278016724911177896E-11  2.500000000122233335E-01  0.000000000000000000E+00
  2.034381163152461536E+00  1.000000000000001110E+00  2.236681987985271619E-11  0.000000000000000000E+00  0.000000000000000000E+00  2.500000000250036103E-01  1.272189648932352505E-11  2.500000000122816757E-01  0.000000000000000000E+00
  2.048356464819701905E+00  1.000000000000001110E+00  2.236681987986519822E-11  0.000000000000000000E+00  0.000000000000000000E+00  2.500000000250036103E-01  1.265840013353814812E-11  2.500000000123451804E-01  0.000000000000000000E+00
  2.062331766907461894E+00  1.000000000000001332E+00  2.236681987977005306E-11  0.000000000000000000E+00  0.000000000000000000E+00  2.500000000250035548E-01  1.260066555160377570E-11  2.500000000124029120E-01  0.000000000000000000E+00
  2.076307069161618557E+00  1.000000000000001554E+00  2.236681987983616612E-11  0.000000000000000000E+00  0.000000000000000000E+00  2.500000000250036103E-01  1.253779559356046359E-11  2.500000000124658062E-01  0.000000000000000000E+00
  2.090282371837150599E+00  1.000000000000001332E+00  2.236681987964240875E-11  0.000000000000000000E+00  0.000000000000000000E+00  2.500000000250035548E-01  1.248058766677836362E-11  2.500000000125230382E-01  0.000000000000000000E+00
  2.104257674675419576E+00  1.000000000000001332E+00  2.236681987995349005E-11  0.000000000000000000E+00  0.000000000000000000E+00  2.500000000250036658E-01  1.241834013706522718E-11  2.500000000125852662E-01  0.000000000000000000E+00
  2.118232977935966765E+00  1.000000000000001110E+00  2.236681988038225395E-11  0.000000000000000000E+00  0.000000000000000000E+00  2.500000000250036658E-01  1.236165376206934515E-11  2.500000000126419986E-01  0.000000000000000000E+00
  2.132208281355638668E+00  1.000000000000000666E+00  2.236681987990948146E-11  0.000000000000000000E+00  0.000000000000000000E+00  2.500000000250036103E-01  1.230002320072870508E-11  2.500000000127036159E-01  0.000000000000000000E+00
  2.146183585198367272E+00  1.000000000000000888E+00  2.236681988014967080E-11  0.000000000000000000E+00  0.000000000000000000E+00  2.500000000250036103E-01  1.224385341933337835E-11  2.500000000127597377E-01  0.000000000000000000E+00
  2.160158889196710508E+00  1.000000000000000888E+00  2.236681987958764681E-11  0.000000000000000000E+00  0.000000000000000000E+00  2.500000000250035548E-01  1.218283235296483851E-11  2.500000000128207445E-01  0.000000000000000000E+00
  2.174134193618855626E+00  1.000000000000001110E+00  2.236681988079820625E-11  0.000000000000000000E+00  0.000000000000000000E+00  2.500000000250036658E-01  1.212717381276848725E-11  2.500000000128765332E-01  0.000000000000000000E+00
  2.188109498193137714E+00  1.000000000000000888E+00  2.236681988148640759E-11  0.000000000000000000E+00  0.000000000000000000E+00  2.500000000250036658E-01  1.206675774348609897E-11  2.500000000129369293E-01  0.000000000000000000E+00
  2.202084803192057461E+00  1.000000000000000666E+00  2.236681988118544956E-11  0.000000000000000000E+00  0.000000000000000000E+00  2.500000000250037213E-01  1.201160536265834985E-11  2.500000000129921629E-01  0.000000000000000000E+00
  2.216060108339612977E+00  1.000000000000000444E+00  2.236681988190327431E-11  0.000000000000000000E+00  0.000000000000000000E+00  2.500000000250036103E-01  1.195178949471904029E-11  2.500000000130518374E-01  0.000000000000000000E+00
  2.230035413912600184E+00  1.000000000000000666E+00  2.236681988118357871E-11  0.000000000000000000E+00  0.000000000000000000E+00  2.500000000250036103E-01  1.189713830298067724E-11  2.500000000131065159E-01  0.000000000000000000E+00
  2.244010719630721518E+00  1.000000000000000888E+00  2.236681988165212483E-11  0.000000000000000000E+00  0.000000000000000000E+00  2.500000000250036658E-01  1.183791663261865311E-11  2.500000000131657463E-01  0.000000000000000000E+00
  2.257986025774733729E+00  1.000000000000000888E+00  2.236681988050184294E-11  0.000000000000000000E+00  0.000000000000000000E+00  2.500000000250036103E-01  1.178376192232001859E-11  2.500000000132199252E-01  0.000000000000000000E+00
  2.271961332060515648E+00  1.000000000000000666E+00  2.236681988055306029E-11  0.000000000000000000E+00  0.000000000000000000E+00  2.500000000250036103E-01  1.172512783673176419E-11  2.500000000132784894E-01  0.000000000000000000E+00
  2.285936638772848806E+00  1.000000000000000666E+00  2.236681988068356418E-11  0.000000000000000000E+00  0.000000000000000000E+00  2.500000000250037768E-01  1.167146433719956957E-11  2.500000000133322797E-01  0.000000000000000000E+00
  2.299911945623546838E+00  1.000000000000000666E+00  2.236681988012531421E-11  0.000000000000000000E+00  0.000000000000000000E+00  2.500000000250036658E-01  1.161341397752602033E-11  2.500000000133903444E-01  0.000000000000000000E+00
  2.313887252901491109E+00  1.000000000000000888E+00  2.236681987951967260E-11  0.000000000000000000E+00  0.000000000000000000E+00  2.500000000250037213E-01  1.156023692661322865E-11  2.500000000134434686E-01  0.000000000000000000E+00
  2.327862560314431839E+00  1.000000000000001332E+00  2.236681988032382140E-11  0.000000000000000000E+00  0.000000000000000000E+00  2.500000000250037213E-01  1.150276511511225765E-11  2.500000000135009781E-01  0.000000000000000000E+00
  2.341837868155180136E+00  1.000000000000000888E+00  2.236681988047230032E-11  0.000000000000000000E+00  0.000000000000000000E+00  2.500000000250036658E-01  1.145006993424818526E-11  2.500000000135536582E-01  0.000000000000000000E+00
  2.355813176127695918E+00  1.000000000000000888E+00  2.236681988076716759E-11  0.000000000000000000E+00  0.000000000000000000E+00  2.500000000250036658E-01  1.139316948867366763E-11  2.500000000136104461E-01  0.000000000000000000E+00
  2.369788484528570383E+00  1.000000000000000888E+00  2.236681988059664560E-11  0.000000000000000000E+00  0.000000000000000000E+00  2.500000000250036658E-01  1.134095123523028422E-11  2.500000000136627931E-01  0.000000000000000000E+00
  2.383763793058041536E+00  1.000000000000000888E+00  2.236681988085230580E-11  0.000000000000000000E+00  0.000000000000000000E+00  2.500000000250036658E-01  1.128461797526675573E-11  2.500000000137190259E-01  0.000000000000000000E+00
  2.397739102016510415E+00  1.000000000000000888E+00  2.236681988029786537E-11  0.000000000000000000E+00  0.000000000000000000E+00  2.500000000250036658E-01  1.123287195062278450E-11  2.500000000137708733E-01  0.000000000000000000E+00
  2.411714411100404298E+00  1.000000000000001110E+00  2.236681988028290827E-11  0.000000000000000000E+00  0.000000000000000000E+00  2.500000000250036658E-01  1.117710126983827669E-11  2.500000000138266620E-01  0.000000000000000000E+00
  2.425689720613911859E+00  1.000000000000000888E+00  2.236681988023652153E-11  0.000000000000000000E+00  0.000000000000000000E+00  2.500000000250037768E-01  1.112582285575762657E-11  2.500000000138780099E-01  0.000000000000000000E+00
  2.439665030249692279E+00  1.000000000000001110E+00  2.236681987987679167E-11  0.000000000000000000E+00  0.000000000000000000E+00  2.500000000250038323E-01  1.107060893272007868E-11  2.500000000139332434E-01  0.000000000000000000E+00
  2.453640340315324408E+00  1.000000000000000888E+00  2.236681988115631729E-11  0.000000000000000000E+00  0.000000000000000000E+00  2.500000000250037768E-01  1.101979378668084603E-11  2.500000000139840917E-01  0.000000000000000000E+00
  2.467615650500237123E+00  1.000000000000001332E+00  2.236681988110403366E-11  0.000000000000000000E+00  0.000000000000000000E+00  2.500000000250038323E-01  1.096513056680258326E-11  2.500000000140386591E-01  0.000000000000000000E+00
  2.481590961115385685E+00  1.000000000000000888E+00  2.236681988125805405E-11  0.000000000000000000E+00  0.000000000000000000E+00  2.500000000250038323E-01  1.091477386975175042E-11  2.500000000140890632E-01  0.000000000000000000E+00
  2.495566271846778594E+00  1.000000000000001332E+00  2.236681988103770412E-11  0.000000000000000000E+00  0.000000000000000000E+00  2.500000000250038878E-01  1.086065761531042502E-11  2.500000000141432421E-01  0.000000000000000000E+00
  2.509541583008798149E+00  1.000000000000001332E+00  2.236681988143419828E-11  0.000000000000000000E+00  0.000000000000000000E+00  2.500000000250039434E-01  1.081075493020201747E-11  2.500000000141930911E-01  0.000000000000000000E+00
  2.523516894284040912E+00  1.000000000000001332E+00  2.236681988112358550E-11  0.000000000000000000E+00  0.000000000000000000E+00  2.500000000250039989E-01  1.075718074217972750E-11  2.500000000142468259E-01  0.000000000000000000E+00
  2.537492205990143468E+00  1.000000000000001332E+00  2.236681988117281890E-11  0.000000000000000000E+00  0.000000000000000000E+00  2.500000000250039989E-01  1.070772785253576541E-11  2.500000000142962309E-01  0.000000000000000000E+00
  2.551467517806611518E+00  1.000000000000001332E+00  2.236681988177338434E-11  0.000000000000000000E+00  0.000000000000000000E+00  2.500000000250038878E-01  1.065468882400242002E-11  2.500000000143491885E-01  0.000000000000000000E+00
  2.565442830054163625E+00  1.000000000000001332E+00  2.236681988194342488E-11  0.000000000000000000E+00  0.000000000000000000E+00  2.500000000250038878E-01  1.060568116852961228E-11  2.500000000143982049E-01  0.000000000000000000E+00
  2.579418142409299453E+00  1.000000000000001332E+00  2.236681988210250205E-11  0.000000000000000000E+00  0.000000000000000000E+00  2.500000000250038878E-01  1.055317344291447258E-11  2.500000000144507184E-01  0.000000000000000000E+00
  2.593393455195840858E+00  1.000000000000001332E+00  2.236681988173680098E-11  0.000000000000000000E+00  0.000000000000000000E+00  2.500000000250038323E-01  1.050460668352108648E-11  2.500000000144991796E-01  0.000000000000000000E+00
  2.607368768087195754E+00  1.000000000000001554E+00  2.236681988177202401E-11  0.000000000000000000E+00  0.000000000000000000E+00  2.500000000250038878E-01  1.045262585109313906E-11  2.500000000145512491E-01  0.000000000000000000E+00
  2.621344081410285298E+00  1.000000000000001554E+00  2.236681988219545971E-11  0.000000000000000000E+00  0.000000000000000000E+00  2.500000000250039434E-01  1.040449569945146443E-11  2.500000000145994328E-01  0.000000000000000000E+00
  2.635319394835460294E+00  1.000000000000001332E+00  2.236681988175849832E-11  0.000000000000000000E+00  0.000000000000000000E+00  2.500000000250039434E-01  1.035303610632319140E-11  2.500000000146508916E-01  0.000000000000000000E+00
  2.649294708692319311E+00  1.000000000000001110E+00  2.236681988203743590E-11  0.000000000000000000E+00  0.000000000000000000E+00  2.500000000250039989E-01  1.030533857025910901E-11  2.500000000146986312E-01  0.000000000000000000E+00
  2.663270022648731139E+00  1.000000000000001332E+00  2.236681988202219122E-11  0.000000000000000000E+00  0.000000000000000000E+00  2.500000000250039989E-01  1.025439470758440993E-11  2.500000000147495904E-01  0.000000000000000000E+00
  2.677245337036876283E+00  1.000000000000001332E+00  2.236681988148986818E-11  0.000000000000000000E+00  0.000000000000000000E+00  2.500000000250040544E-01  1.020712537812059228E-11  2.500000000147969414E-01  0.000000000000000000E+00
  2.691220651522000740E+00  1.000000000000001554E+00  2.236681988121866603E-11  0.000000000000000000E+00  0.000000000000000000E+00  2.500000000250040544E-01  1.015669362187923222E-11  2.500000000148472901E-01  0.000000000000000000E+00
  2.705195966438889599E+00  1.000000000000001332E+00  2.236681988151826374E-11  0.000000000000000000E+00  0.000000000000000000E+00  2.500000000250041099E-01  1.010984836945176687E-11  2.500000000148943080E-01  0.000000000000000000E+00
  2.719171281450182942E+00  1.000000000000001332E+00  2.236681988207070084E-11  0.000000000000000000E+00  0.000000000000000000E+00  2.500000000250041654E-01  1.005992411470987416E-11  2.500000000149442680E-01  0.000000000000000000E+00
  2.733146596893060831E+00  1.000000000000001554E+00  2.236681988247822946E-11  0.000000000000000000E+00  0.000000000000000000E+00  2.500000000250041099E-01  1.001349906016983015E-11  2.500000000149906199E-01  0.000000000000000000E+00
  2.747121912427951784E+00  1.000000000000001554E+00  2.236681988287962531E-11  0.000000000000000000E+00  0.000000000000000000E+00  2.500000000250041099E-01  9.964075649357328325E-12  2.500000000150400248E-01  0.000000000000000000E+00
  2.761097228394227443E+00  1.000000000000001776E+00  2.236681988245538506E-11  0.000000000000000000E+00  0.000000000000000000E+00  2.500000000250040544E-01  9.918066585573160730E-12  2.500000000150860435E-01  0.000000000000000000E+00
  2.775072544450193135E+00  1.000000000000001776E+00  2.236681988224962388E-11  0.000000000000000000E+00  0.000000000000000000E+00  2.500000000250041099E-01  9.869140477173332607E-12  2.500000000151349488E-01  0.000000000000000000E+00
  2.789047860937439616E+00  1.000000000000001776E+00  2.236681988212606054E-11  0.000000000000000000E+00  0.000000000000000000E+00  2.500000000250041654E-01  9.823543398858606983E-12  2.500000000151806900E-01  0.000000000000000000E+00
  2.803023177512071307E+00  1.000000000000001776E+00  2.236681988243969771E-11  0.000000000000000000E+00  0.000000000000000000E+00  2.500000000250042209E-01  9.775110379177429863E-12  2.500000000152290958E-01  0.000000000000000000E+00
  2.816998494517915397E+00  1.000000000000001776E+00  2.236681988192122671E-11  0.000000000000000000E+00  0.000000000000000000E+00  2.500000000250042209E-01  9.729921304492666452E-12  2.500000000152742263E-01  0.000000000000000000E+00
  2.830973811608908264E+00  1.000000000000001776E+00  2.236681988275875678E-11  0.000000000000000000E+00  0.000000000000000000E+00  2.500000000250041654E-01  9.681975879511447858E-12  2.500000000153221880E-01  0.000000000000000000E+00
  2.844949129130672105E+00  1.000000000000001776E+00  2.236681988195193256E-11  0.000000000000000000E+00  0.000000000000000000E+00  2.500000000250042209E-01  9.637191149759111831E-12  2.500000000153669855E-01  0.000000000000000000E+00
  2.858924446735578329E+00  1.000000000000001776E+00  2.236681988125813159E-11  0.000000000000000000E+00  0.000000000000000000E+00  2.500000000250041099E-01  9.589728330360671607E-12  2.500000000154143920E-01  0.000000000000000000E+00
  2.872899764770921127E+00  1.000000000000001776E+00  2.236681988201941564E-11  0.000000000000000000E+00  0.000000000000000000E+00  2.500000000250041654E-01  9.545343904563578893E-12  2.500000000154586899E-01  0.000000000000000000E+00
  2.886875082887365274E+00  1.000000000000001776E+00  2.236681988243004296E-11  0.000000000000000000E+00  0.000000000000000000E+00  2.500000000250041099E-01  9.498360175917104626E-12  2.500000000155057078E-01  0.000000000000000000E+00
  2.900850401433872516E+00  1.000000000000001554E+00  2.236681988192791848E-11  0.000000000000000000E+00  0.000000000000000000E+00  2.500000000250041099E-01  9.454372211544204411E-12  2.500000000155497837E-01  0.000000000000000000E+00
  2.914825720059435188E+00  1.000000000000001776E+00  2.236681988194210979E-11  0.000000000000000000E+00  0.000000000000000000E+00  2.500000000250042209E-01  9.407863261420464805E-12  2.500000000155963575E-01  0.000000000000000000E+00
  2.928801039114435234E+00  1.000000000000001776E+00  2.236681988238617654E-11  0.000000000000000000E+00  0.000000000000000000E+00  2.500000000250043319E-01  9.364268193521696545E-12  2.500000000156400448E-01  0.000000000000000000E+00
  2.942776358246641077E+00  1.000000000000001776E+00  2.236681988216719339E-11  0.000000000000000000E+00  0.000000000000000000E+00  2.500000000250043874E-01  9.318227598410431288E-12  2.500000000156861746E-01  0.000000000000000000E+00
  2.956751677807594181E+00  1.000000000000001776E+00  2.236681988229445965E-11  0.000000000000000000E+00  0.000000000000000000E+00  2.500000000250043319E-01  9.275021548235088469E-12  2.500000000157293067E-01  0.000000000000000000E+00
  2.970726997443968731E+00  1.000000000000001776E+00  2.236681988237055381E-11  0.000000000000000000E+00  0.000000000000000000E+00  2.500000000250043319E-01  9.229446067837545841E-12  2.500000000157748814E-01  0.000000000000000000E+00
  2.984702317508470149E+00  1.000000000000001776E+00  2.236681988244343617E-11  0.000000000000000000E+00  0.000000000000000000E+00  2.500000000250042764E-01  9.186625334867699789E-12  2.500000000158176805E-01  0.000000000000000000E+00
  2.998677637646619765E+00  1.000000000000001998E+00  2.236681988185726239E-11  0.000000000000000000E+00  0.000000000000000000E+00  2.500000000250042209E-01  9.141510947463030633E-12  2.500000000158627000E-01  0.000000000000000000E+00
  3.012652958212326038E+00  1.000000000000001998E+00  2.236681988232384718E-11  0.000000000000000000E+00  0.000000000000000000E+00  2.500000000250041099E-01  9.099071836635682464E-12  2.500000000159051106E-01  0.000000000000000000E+00
  3.026628278849992970E+00  1.000000000000001998E+00  2.236681988207299174E-11  0.000000000000000000E+00  0.000000000000000000E+00  2.500000000250041099E-01  9.054413213555740779E-12  2.500000000159497415E-01  0.000000000000000000E+00
  3.040603599914292854E+00  1.000000000000001998E+00  2.236681988181758680E-11  0.000000000000000000E+00  0.000000000000000000E+00  2.500000000250040544E-01  9.012352376909089053E-12  2.500000000159917080E-01  0.000000000000000000E+00
  3.054578921049115436E+00  1.000000000000002220E+00  2.236681988202385527E-11  0.000000000000000000E+00  0.000000000000000000E+00  2.500000000250040544E-01  8.968145001582048607E-12  2.500000000160359503E-01  0.000000000000000000E+00
  3.068554242609777383E+00  1.000000000000002220E+00  2.236681988251136838E-11  0.000000000000000000E+00  0.000000000000000000E+00  2.500000000250039989E-01  8.926458726514256281E-12  2.500000000160775837E-01  0.000000000000000000E+00
  3.082529564239504527E+00  1.000000000000002220E+00  2.236681988207852351E-11  0.000000000000000000E+00  0.000000000000000000E+00  2.500000000250039434E-01  8.882699200653572899E-12  2.500000000161212710E-01  0.000000000000000000E+00
  3.096504886294257020E+00  1.000000000000001998E+00  2.236681988205053185E-11  0.000000000000000000E+00  0.000000000000000000E+00  2.500000000250038878E-01  8.841383912740695697E-12  2.500000000161625713E-01  0.000000000000000000E+00
  3.110480208416616321E+00  1.000000000000001998E+00  2.236681988279514303E-11  0.000000000000000000E+00  0.000000000000000000E+00  2.500000000250038323E-01  8.798068200680106509E-12  2.500000000162057590E-01  0.000000000000000000E+00
  3.124455530962890304E+00  1.000000000000002220E+00  2.236681988252090358E-11  0.000000000000000000E+00  0.000000000000000000E+00  2.500000000250038323E-01  8.757120627802101898E-12  2.500000000162466707E-01  0.000000000000000000E+00
  3.138430853575540080E+00  1.000000000000002220E+00  2.236681988296833397E-11  0.000000000000000000E+00  0.000000000000000000E+00  2.500000000250038323E-01  8.714242533848096233E-12  2.500000000162895808E-01  0.000000000000000000E+00
  3.152406176610897059E+00  1.000000000000002220E+00  2.236681988332509762E-11  0.000000000000000000E+00  0.000000000000000000E+00  2.500000000250037768E-01  8.673659100176371936E-12  2.500000000163301594E-01  0.000000000000000000E+00
  3.166381499711444114E+00  1.000000000000001998E+00  2.236681988300728255E-11  0.000000000000000000E+00  0.000000000000000000E+00  2.500000000250038323E-01  8.631215668488731464E-12  2.500000000163725700E-01  0.000000000000000000E+00
  3.180356823233521091E+00  1.000000000000002442E+00  2.236681988354722792E-11  0.000000000000000000E+00  0.000000000000000000E+00  2.500000000250037768E-01  8.590992950603403232E-12  2.500000000164128156E-01  0.000000000000000000E+00
  3.194332146819609974E+00  1.000000000000002220E+00  2.236681988319900750E-11  0.000000000000000000E+00  0.000000000000000000E+00  2.500000000250037213E-01  8.548980346388119076E-12  2.500000000164547265E-01  0.000000000000000000E+00
  3.208307470826063934E+00  1.000000000000002665E+00  2.236681988354316311E-11  0.000000000000000000E+00  0.000000000000000000E+00  2.500000000250037768E-01  8.509114924876031450E-12  2.500000000164946390E-01  0.000000000000000000E+00
  3.222282794895449776E+00  1.000000000000002442E+00  2.236681988363066654E-11  0.000000000000000000E+00  0.000000000000000000E+00  2.500000000250037213E-01  8.467528008122040012E-12  2.500000000165362724E-01  0.000000000000000000E+00
  3.236258119383720988E+00  1.000000000000002442E+00  2.236681988412700722E-11  0.000000000000000000E+00  0.000000000000000000E+00  2.500000000250036658E-01  8.428016811524347380E-12  2.500000000165756298E-01  0.000000000000000000E+00
  3.250233443934096744E+00  1.000000000000002665E+00  2.236681988361861426E-11  0.000000000000000000E+00  0.000000000000000000E+00  2.500000000250036658E-01  8.386851466242330678E-12  2.500000000166167635E-01  0.000000000000000000E+00
  3.264208768902017166E+00  1.000000000000002442E+00  2.236681988305965988E-11  0.000000000000000000E+00  0.000000000000000000E+00  2.500000000250036658E-01  8.347691078146295925E-12  2.500000000166559544E-01  0.000000000000000000E+00
  3.278184093931204135E+00  1.000000000000002665E+00  2.236681988259030274E-11  0.000000000000000000E+00  0.000000000000000000E+00  2.500000000250035548E-01  8.306944034634929542E-12  2.500000000166965886E-01  0.000000000000000000E+00
  3.292159419376611496E+00  1.000000000000002665E+00  2.236681988306563432E-11  0.000000000000000000E+00  0.000000000000000000E+00  2.500000000250035548E-01  8.268131130074986180E-12  2.500000000167353353E-01  0.000000000000000000E+00
  3.306134744882458509E+00  1.000000000000002887E+00  2.236681988261998431E-11  0.000000000000000000E+00  0.000000000000000000E+00  2.500000000250035548E-01  8.227798541704978807E-12  2.500000000167757475E-01  0.000000000000000000E+00
  3.320110070802916091E+00  1.000000000000002665E+00  2.236681988255597474E-11  0.000000000000000000E+00  0.000000000000000000E+00  2.500000000250035548E-01  8.189330112311086435E-12  2.500000000168142167E-01  0.000000000000000000E+00
  3.334085396783236011E+00  1.000000000000002665E+00  2.236681988314935082E-11  0.000000000000000000E+00  0.000000000000000000E+00  2.500000000250036658E-01  8.149406148585857504E-12  2.500000000168541847E-01  0.000000000000000000E+00
  3.348060723176421671E+00  1.000000000000002665E+00  2.236681988229355493E-11  0.000000000000000000E+00  0.000000000000000000E+00  2.500000000250035548E-01  8.111278914893246290E-12  2.500000000168922099E-01  0.000000000000000000E+00
  3.362036049628942092E+00  1.000000000000002887E+00  2.236681988273038707E-11  0.000000000000000000E+00  0.000000000000000000E+00  2.500000000250035548E-01  8.071760817785605753E-12  2.500000000169317893E-01  0.000000000000000000E+00
  3.376011376492574101E+00  1.000000000000002665E+00  2.236681988253105270E-11  0.000000000000000000E+00  0.000000000000000000E+00  2.500000000250034993E-01  8.033971600773724531E-12  2.500000000169695369E-01  0.000000000000000000E+00
  3.389986703415010627E+00  1.000000000000002665E+00  2.236681988219391520E-11  0.000000000000000000E+00  0.000000000000000000E+00  2.500000000250034438E-01  7.994855720515510264E-12  2.500000000170086167E-01  0.000000000000000000E+00
  3.403962030746773504E+00  1.000000000000002665E+00  2.236681988251426028E-11  0.000000000000000000E+00  0.000000000000000000E+00  2.500000000250033882E-01  7.957401356300513529E-12  2.500000000170459202E-01  0.000000000000000000E+00
  3.417937358136915460E+00  1.000000000000002887E+00  2.236681988237949124E-11  0.000000000000000000E+00  0.000000000000000000E+00  2.500000000250034438E-01  7.918682735247976049E-12  2.500000000170847225E-01  0.000000000000000000E+00
  3.431912685934281004E+00  1.000000000000002665E+00  2.236681988223643423E-11  0.000000000000000000E+00  0.000000000000000000E+00  2.500000000250033327E-01  7.881560409771231354E-12  2.500000000171218040E-01  0.000000000000000000E+00
  3.445888013789850657E+00  1.000000000000002665E+00  2.236681988248745446E-11  0.000000000000000000E+00  0.000000000000000000E+00  2.500000000250033882E-01  7.843235305583849326E-12  2.500000000171601067E-01  0.000000000000000000E+00
  3.459863342050676582E+00  1.000000000000002442E+00  2.236681988239979593E-11  0.000000000000000000E+00  0.000000000000000000E+00  2.500000000250033882E-01  7.806441866955389326E-12  2.500000000171969661E-01  0.000000000000000000E+00
  3.473838670369522763E+00  1.000000000000002887E+00  2.236681988222388758E-11  0.000000000000000000E+00  0.000000000000000000E+00  2.500000000250034438E-01  7.768507138435458018E-12  2.500000000172349357E-01  0.000000000000000000E+00
  3.487813999091713857E+00  1.000000000000002665E+00  2.236681988224763348E-11  0.000000000000000000E+00  0.000000000000000000E+00  2.500000000250034438E-01  7.732039492891875391E-12  2.500000000172714065E-01  0.000000000000000000E+00
  3.501789327871766222E+00  1.000000000000002887E+00  2.236681988176615620E-11  0.000000000000000000E+00  0.000000000000000000E+00  2.500000000250034438E-01  7.694491467564832443E-12  2.500000000173088766E-01  0.000000000000000000E+00
  3.515764657052987463E+00  1.000000000000002665E+00  2.236681988094106616E-11  0.000000000000000000E+00  0.000000000000000000E+00  2.500000000250033882E-01  7.658346853694091455E-12  2.500000000173450143E-01  0.000000000000000000E+00
  3.529739986292177445E+00  1.000000000000002665E+00  2.236681988126265847E-11  0.000000000000000000E+00  0.000000000000000000E+00  2.500000000250033882E-01  7.621180060345012833E-12  2.500000000173822068E-01  0.000000000000000000E+00
  3.543715315930243914E+00  1.000000000000002887E+00  2.236681988091053479E-11  0.000000000000000000E+00  0.000000000000000000E+00  2.500000000250033882E-01  7.585355466595615276E-12  2.500000000174180115E-01  0.000000000000000000E+00
  3.557690645626442105E+00  1.000000000000002665E+00  2.236681988048625253E-11  0.000000000000000000E+00  0.000000000000000000E+00  2.500000000250033882E-01  7.548567328826679772E-12  2.500000000174548709E-01  0.000000000000000000E+00
  3.571665975719191088E+00  1.000000000000002887E+00  2.236681988063776229E-11  0.000000000000000000E+00  0.000000000000000000E+00  2.500000000250034438E-01  7.513059799846563432E-12  2.500000000174903980E-01  0.000000000000000000E+00
  3.585641305870228557E+00  1.000000000000002665E+00  2.236681988005518803E-11  0.000000000000000000E+00  0.000000000000000000E+00  2.500000000250034438E-01  7.476646847621598309E-12  2.500000000175268133E-01  0.000000000000000000E+00
  3.599616636415404525E+00  1.000000000000002887E+00  2.236681988052411866E-11  0.000000000000000000E+00  0.000000000000000000E+00  2.500000000250035548E-01  7.441453463091250710E-12  2.500000000175620629E-01  0.000000000000000000E+00
  3.613591967019144757E+00  1.000000000000002665E+00  2.236681988012883942E-11  0.000000000000000000E+00  0.000000000000000000E+00  2.500000000250035548E-01  7.405410932828155978E-12  2.500000000175981452E-01  0.000000000000000000E+00
  3.627567298014269248E+00  1.000000000000002887E+00  2.236681988024103548E-11  0.000000000000000000E+00  0.000000000000000000E+00  2.500000000250036103E-01  7.370529106218946989E-12  2.500000000176330617E-01  0.000000000000000000E+00
  3.641542629068472703E+00  1.000000000000002665E+00  2.236681988046544700E-11  0.000000000000000000E+00  0.000000000000000000E+00  2.500000000250036103E-01  7.334853578902492764E-12  2.500000000176687553E-01  0.000000000000000000E+00
  3.655517960511414532E+00  1.000000000000002665E+00  2.236681988059666175E-11  0.000000000000000000E+00  0.000000000000000000E+00  2.500000000250036103E-01  7.300280398739294653E-12  2.500000000177032833E-01  0.000000000000000000E+00
  3.669493292013942032E+00  1.000000000000002665E+00  2.236681988048262069E-11  0.000000000000000000E+00  0.000000000000000000E+00  2.500000000250035548E-01  7.264968867026411921E-12  2.500000000177385329E-01  0.000000000000000000E+00
  3.683468623902637074E+00  1.000000000000002665E+00  2.236681988047854618E-11  0.000000000000000000E+00  0.000000000000000000E+00  2.500000000250035548E-01  7.230701453098889898E-12  2.500000000177728388E-01  0.000000000000000000E+00
  3.697443955851447139E+00  1.000000000000002665E+00  2.236681988111416339E-11  0.000000000000000000E+00  0.000000000000000000E+00  2.500000000250034993E-01  7.195750401918864482E-12  2.500000000178078108E-01  0.000000000000000000E+00
  3.711419288183616327E+00  1.000000000000002665E+00  2.236681988155469523E-11  0.000000000000000000E+00  0.000000000000000000E+00  2.500000000250036103E-01  7.161786223971239918E-12  2.500000000178417836E-01  0.000000000000000000E+00
  3.725394620576718108E+00  1.000000000000002665E+00  2.236681988091904893E-11  0.000000000000000000E+00  0.000000000000000000E+00  2.500000000250036103E-01  7.127190543282909685E-12  2.500000000178763671E-01  0.000000000000000000E+00
  3.739369953350288434E+00  1.000000000000002442E+00  2.236681988130864131E-11  0.000000000000000000E+00  0.000000000000000000E+00  2.500000000250035548E-01  7.093526832786115550E-12  2.500000000179100623E-01  0.000000000000000000E+00
  3.753345286185666208E+00  1.000000000000002442E+00  2.236681988181367385E-11  0.000000000000000000E+00  0.000000000000000000E+00  2.500000000250035548E-01  7.059284110119986643E-12  2.500000000179443127E-01  0.000000000000000000E+00
  3.767320619398613513E+00  1.000000000000002442E+00  2.236681988160653619E-11  0.000000000000000000E+00  0.000000000000000000E+00  2.500000000250035548E-01  7.025918116080091143E-12  2.500000000179776194E-01  0.000000000000000000E+00
  3.781295952674231575E+00  1.000000000000002442E+00  2.236681988139030278E-11  0.000000000000000000E+00  0.000000000000000000E+00  2.500000000250035548E-01  6.992025056138679401E-12  2.500000000180115367E-01  0.000000000000000000E+00
  3.795271286324389592E+00  1.000000000000002442E+00  2.236681988177642810E-11  0.000000000000000000E+00  0.000000000000000000E+00  2.500000000250034993E-01  6.958954091179405474E-12  2.500000000180445103E-01  0.000000000000000000E+00
  3.809246620038229558E+00  1.000000000000002442E+00  2.236681988133800299E-11  0.000000000000000000E+00  0.000000000000000000E+00  2.500000000250034993E-01  6.925406133287166176E-12  2.500000000180780391E-01  0.000000000000000000E+00
  3.823221954123216637E+00  1.000000000000002887E+00  2.236681988097630211E-11  0.000000000000000000E+00  0.000000000000000000E+00  2.500000000250036103E-01  6.892627808531455845E-12  2.500000000181109017E-01  0.000000000000000000E+00
  3.837197288273118456E+00  1.000000000000002887E+00  2.236681988045900727E-11  0.000000000000000000E+00  0.000000000000000000E+00  2.500000000250035548E-01  6.859421811862234563E-12  2.500000000181442084E-01  0.000000000000000000E+00
  3.851172622790829170E+00  1.000000000000002665E+00  2.236681988072508801E-11  0.000000000000000000E+00  0.000000000000000000E+00  2.500000000250035548E-01  6.826933435238315981E-12  2.500000000181766269E-01  0.000000000000000000E+00
  3.865147957374679866E+00  1.000000000000002887E+00  2.236681988086198640E-11  0.000000000000000000E+00  0.000000000000000000E+00  2.500000000250034438E-01  6.794066531119658232E-12  2.500000000182093784E-01  0.000000000000000000E+00
  3.879123292323060745E+00  1.000000000000002665E+00  2.236681988111127149E-11  0.000000000000000000E+00  0.000000000000000000E+00  2.500000000250034993E-01  6.761865420240907151E-12  2.500000000182415749E-01  0.000000000000000000E+00
  3.893098627338829942E+00  1.000000000000002665E+00  2.236681988115619451E-11  0.000000000000000000E+00  0.000000000000000000E+00  2.500000000250034438E-01  6.729334180140420163E-12  2.500000000182741045E-01  0.000000000000000000E+00
  3.907073962715616577E+00  1.000000000000002665E+00  2.236681988119425451E-11  0.000000000000000000E+00  0.000000000000000000E+00  2.500000000250033882E-01  6.697418017025439311E-12  2.500000000183059679E-01  0.000000000000000000E+00
  3.921049298161341845E+00  1.000000000000002665E+00  2.236681988122620113E-11  0.000000000000000000E+00  0.000000000000000000E+00  2.500000000250033882E-01  6.665217799704820204E-12  2.500000000183382198E-01  0.000000000000000000E+00
  3.935024633964536278E+00  1.000000000000002665E+00  2.236681988172395060E-11  0.000000000000000000E+00  0.000000000000000000E+00  2.500000000250034438E-01  6.633584026308786323E-12  2.500000000183698612E-01  0.000000000000000000E+00
  3.948999969838266733E+00  1.000000000000002442E+00  2.236681988120238414E-11  0.000000000000000000E+00  0.000000000000000000E+00  2.500000000250034993E-01  6.601712518488958468E-12  2.500000000184018356E-01  0.000000000000000000E+00
  3.962975306065950498E+00  1.000000000000002665E+00  2.236681988194818117E-11  0.000000000000000000E+00  0.000000000000000000E+00  2.500000000250034438E-01  6.570357976498015535E-12  2.500000000184330884E-01  0.000000000000000000E+00
  3.976950642365758792E+00  1.000000000000002665E+00  2.236681988182935474E-11  0.000000000000000000E+00  0.000000000000000000E+00  2.500000000250034993E-01  6.538812667981612834E-12  2.500000000184647297E-01  0.000000000000000000E+00
  3.990925979015887304E+00  1.000000000000002665E+00  2.236681988156004605E-11  0.000000000000000000E+00  0.000000000000000000E+00  2.500000000250033882E-01  6.507734861579480617E-12  2.500000000184957050E-01  0.000000000000000000E+00
  4.004901315739896717E+00  1.000000000000002665E+00  2.236681988187697578E-11  0.000000000000000000E+00  0.000000000000000000E+00  2.500000000250033882E-01  6.476511396525762099E-12  2.500000000185268467E-01  0.000000000000000000E+00
  4.018876652810211780E+00  1.000000000000002442E+00  2.236681988208728968E-11  0.000000000000000000E+00  0.000000000000000000E+00  2.500000000250033327E-01  6.445708138122841699E-12  2.500000000185575999E-01  0.000000000000000000E+00
  4.032851989956377281E+00  1.000000000000002887E+00  2.236681988214368983E-11  0.000000000000000000E+00  0.000000000000000000E+00  2.500000000250033327E-01  6.414803618017621595E-12  2.500000000185885751E-01  0.000000000000000000E+00
  4.046827327444840527E+00  1.000000000000002887E+00  2.236681988242702181E-11  0.000000000000000000E+00  0.000000000000000000E+00  2.500000000250032772E-01  6.384272126408131037E-12  2.500000000186190507E-01  0.000000000000000000E+00
  4.060802665011116197E+00  1.000000000000003109E+00  2.236681988236516744E-11  0.000000000000000000E+00  0.000000000000000000E+00  2.500000000250032217E-01  6.353684106357618895E-12  2.500000000186495264E-01  0.000000000000000000E+00
  4.074778002915704356E+00  1.000000000000002887E+00  2.236681988182274375E-11  0.000000000000000000E+00  0.000000000000000000E+00  2.500000000250032772E-01  6.323421587894461186E-12  2.500000000186798355E-01  0.000000000000000000E+00
  4.088753340899915045E+00  1.000000000000003109E+00  2.236681988123289612E-11  0.000000000000000000E+00  0.000000000000000000E+00  2.500000000250032217E-01  6.293147092108166277E-12  2.500000000187100890E-01  0.000000000000000000E+00
  4.102728679218528463E+00  1.000000000000003109E+00  2.236681988140509509E-11  0.000000000000000000E+00  0.000000000000000000E+00  2.500000000250033327E-01  6.263151398048579583E-12  2.500000000187401761E-01  0.000000000000000000E+00
  4.116704017618662448E+00  1.000000000000003331E+00  2.236681988203829862E-11  0.000000000000000000E+00  0.000000000000000000E+00  2.500000000250033882E-01  6.233186209639928777E-12  2.500000000187701521E-01  0.000000000000000000E+00
  4.130679356349385323E+00  1.000000000000003331E+00  2.236681988133784466E-11  0.000000000000000000E+00  0.000000000000000000E+00  2.500000000250033327E-01  6.203454970137021568E-12  2.500000000187998506E-01  0.000000000000000000E+00
  4.144654695163524138E+00  1.000000000000003109E+00  2.236681988186884292E-11  0.000000000000000000E+00  0.000000000000000000E+00  2.500000000250033327E-01  6.173796841338619277E-12  2.500000000188295490E-01  0.000000000000000000E+00
  4.158630034304508172E+00  1.000000000000003109E+00  2.236681988245218296E-11  0.000000000000000000E+00  0.000000000000000000E+00  2.500000000250033882E-01  6.144327148023696186E-12  2.500000000188590810E-01  0.000000000000000000E+00
  4.172605373530721806E+00  1.000000000000003553E+00  2.236681988316104121E-11  0.000000000000000000E+00  0.000000000000000000E+00  2.500000000250033882E-01  6.114973699246007766E-12  2.500000000188883909E-01  0.000000000000000000E+00
  4.186580713080066296E+00  1.000000000000003331E+00  2.236681988266463590E-11  0.000000000000000000E+00  0.000000000000000000E+00  2.500000000250033327E-01  6.085763283696254372E-12  2.500000000189175897E-01  0.000000000000000000E+00
  4.200556052716427402E+00  1.000000000000003331E+00  2.236681988259131410E-11  0.000000000000000000E+00  0.000000000000000000E+00  2.500000000250032772E-01  6.056710362356369614E-12  2.500000000189465665E-01  0.000000000000000000E+00
  4.214531392672193455E+00  1.000000000000003331E+00  2.236681988273325635E-11  0.000000000000000000E+00  0.000000000000000000E+00  2.500000000250033327E-01  6.027757153849709199E-12  2.500000000189755434E-01  0.000000000000000000E+00
  4.228506732716795113E+00  1.000000000000003553E+00  2.236681988306696880E-11  0.000000000000000000E+00  0.000000000000000000E+00  2.500000000250032217E-01  5.999002074455214498E-12  2.500000000190041871E-01  0.000000000000000000E+00
  4.242482073077048277E+00  1.000000000000003553E+00  2.236681988353398980E-11  0.000000000000000000E+00  0.000000000000000000E+00  2.500000000250031662E-01  5.970303495929594977E-12  2.500000000190329419E-01  0.000000000000000000E+00
  4.256457413527945377E+00  1.000000000000003109E+00  2.236681988314218407E-11  0.000000000000000000E+00  0.000000000000000000E+00  2.500000000250033327E-01  5.941843920531293155E-12  2.500000000190614191E-01  0.000000000000000000E+00
  4.270432754290723665E+00  1.000000000000003109E+00  2.236681988341016797E-11  0.000000000000000000E+00  0.000000000000000000E+00  2.500000000250033327E-01  5.913397431315303806E-12  2.500000000190899518E-01  0.000000000000000000E+00
  4.284408095145811224E+00  1.000000000000003109E+00  2.236681988353410289E-11  0.000000000000000000E+00  0.000000000000000000E+00  2.500000000250033327E-01  5.885230402628514813E-12  2.500000000191180960E-01  0.000000000000000000E+00
  4.298383436309042516E+00  1.000000000000002665E+00  2.236681988302357736E-11  0.000000000000000000E+00  0.000000000000000000E+00  2.500000000250033882E-01  5.857034063940818226E-12  2.500000000191462957E-01  0.000000000000000000E+00
  4.312358777566330126E+00  1.000000000000002887E+00  2.236681988359361466E-11  0.000000000000000000E+00  0.000000000000000000E+00  2.500000000250033882E-01  5.829155733998840257E-12  2.500000000191742733E-01  0.000000000000000000E+00
  4.326334119128098621E+00  1.000000000000003109E+00  2.236681988376374568E-11  0.000000000000000000E+00  0.000000000000000000E+00  2.500000000250034993E-01  5.801207366066387362E-12  2.500000000192022509E-01  0.000000000000000000E+00
  4.340309460785671369E+00  1.000000000000003109E+00  2.236681988388730901E-11  0.000000000000000000E+00  0.000000000000000000E+00  2.500000000250034438E-01  5.773615556997629354E-12  2.500000000192298399E-01  0.000000000000000000E+00
  4.354284802744148308E+00  1.000000000000003109E+00  2.236681988380100112E-11  0.000000000000000000E+00  0.000000000000000000E+00  2.500000000250034993E-01  5.745912478517854868E-12  2.500000000192575400E-01  0.000000000000000000E+00
  4.368260144800093947E+00  1.000000000000002887E+00  2.236681988328670157E-11  0.000000000000000000E+00  0.000000000000000000E+00  2.500000000250034438E-01  5.718604924753361947E-12  2.500000000192849070E-01  0.000000000000000000E+00
  4.382235487153437248E+00  1.000000000000003109E+00  2.236681988341535078E-11  0.000000000000000000E+00  0.000000000000000000E+00  2.500000000250034993E-01  5.691145091191363792E-12  2.500000000193124405E-01  0.000000000000000000E+00
  4.396210829605902148E+00  1.000000000000003109E+00  2.236681988293204789E-11  0.000000000000000000E+00  0.000000000000000000E+00  2.500000000250035548E-01  5.664117767041870850E-12  2.500000000193394190E-01  0.000000000000000000E+00
  4.410186172352287493E+00  1.000000000000002887E+00  2.236681988241933485E-11  0.000000000000000000E+00  0.000000000000000000E+00  2.500000000250035548E-01  5.636899281203226462E-12  2.500000000193666194E-01  0.000000000000000000E+00
  4.424161515199474870E+00  1.000000000000003109E+00  2.236681988256025282E-11  0.000000000000000000E+00  0.000000000000000000E+00  2.500000000250034438E-01  5.610149707671779194E-12  2.500000000193933203E-01  0.000000000000000000E+00
  4.438136858337093926E+00  1.000000000000003109E+00  2.236681988241876939E-11  0.000000000000000000E+00  0.000000000000000000E+00  2.500000000250034993E-01  5.583170175530409806E-12  2.500000000194202432E-01  0.000000000000000000E+00
  4.452112201577186568E+00  1.000000000000003109E+00  2.236681988255613953E-11  0.000000000000000000E+00  0.000000000000000000E+00  2.500000000250034993E-01  5.556696122736485408E-12  2.500000000194468330E-01  0.000000000000000000E+00
  4.466087545104184819E+00  1.000000000000003331E+00  2.236681988288526694E-11  0.000000000000000000E+00  0.000000000000000000E+00  2.500000000250035548E-01  5.529953229715809707E-12  2.500000000194735894E-01  0.000000000000000000E+00
  4.480062888735172777E+00  1.000000000000003331E+00  2.236681988266875565E-11  0.000000000000000000E+00  0.000000000000000000E+00  2.500000000250034993E-01  5.503751772653071775E-12  2.500000000194997352E-01  0.000000000000000000E+00
  4.494038232649534947E+00  1.000000000000003331E+00  2.236681988300501749E-11  0.000000000000000000E+00  0.000000000000000000E+00  2.500000000250035548E-01  5.477243772197731353E-12  2.500000000195262695E-01  0.000000000000000000E+00
  4.508013576669496203E+00  1.000000000000003331E+00  2.236681988234922160E-11  0.000000000000000000E+00  0.000000000000000000E+00  2.500000000250034993E-01  5.451311405139239747E-12  2.500000000195521377E-01  0.000000000000000000E+00
  4.521988920969334913E+00  1.000000000000003553E+00  2.236681988282988139E-11  0.000000000000000000E+00  0.000000000000000000E+00  2.500000000250034993E-01  5.425036275522602801E-12  2.500000000195784500E-01  0.000000000000000000E+00
  4.535964265376376758E+00  1.000000000000003331E+00  2.236681988237186890E-11  0.000000000000000000E+00  0.000000000000000000E+00  2.500000000250034993E-01  5.399370898956164264E-12  2.500000000196040961E-01  0.000000000000000000E+00
  4.549939610059857920E+00  1.000000000000003109E+00  2.236681988293087497E-11  0.000000000000000000E+00  0.000000000000000000E+00  2.500000000250036103E-01  5.373326182391621229E-12  2.500000000196302419E-01  0.000000000000000000E+00
  4.563914954852052119E+00  1.000000000000003331E+00  2.236681988234978059E-11  0.000000000000000000E+00  0.000000000000000000E+00  2.500000000250035548E-01  5.347925642341050018E-12  2.500000000196556105E-01  0.000000000000000000E+00
  4.577890299917345196E+00  1.000000000000003331E+00  2.236681988231020840E-11  0.000000000000000000E+00  0.000000000000000000E+00  2.500000000250034993E-01  5.322109486637000947E-12  2.500000000196814232E-01  0.000000000000000000E+00
  4.591865645092884307E+00  1.000000000000003553E+00  2.236681988219556633E-11  0.000000000000000000E+00  0.000000000000000000E+00  2.500000000250036103E-01  5.296969883846964157E-12  2.500000000197066252E-01  0.000000000000000000E+00
  4.605840990538231594E+00  1.000000000000003775E+00  2.236681988215679871E-11  0.000000000000000000E+00  0.000000000000000000E+00  2.500000000250034438E-01  5.271380547506618752E-12  2.500000000197321048E-01  0.000000000000000000E+00
  4.619816336095382781E+00  1.000000000000003553E+00  2.236681988250280254E-11  0.000000000000000000E+00  0.000000000000000000E+00  2.500000000250034993E-01  5.246499603698437692E-12  2.500000000197570849E-01  0.000000000000000000E+00
  4.633791681919086969E+00  1.000000000000003553E+00  2.236681988226138859E-11  0.000000000000000000E+00  0.000000000000000000E+00  2.500000000250034993E-01  5.221134857200952929E-12  2.500000000197823424E-01  0.000000000000000000E+00
  4.647767027856130717E+00  1.000000000000003553E+00  2.236681988239084235E-11  0.000000000000000000E+00  0.000000000000000000E+00  2.500000000250035548E-01  5.196510450585100123E-12  2.500000000198070449E-01  0.000000000000000000E+00
  4.661742374056458971E+00  1.000000000000003553E+00  2.236681988165268705E-11  0.000000000000000000E+00  0.000000000000000000E+00  2.500000000250034993E-01  5.171368181339637991E-12  2.500000000198321359E-01  0.000000000000000000E+00
  4.675717720371512343E+00  1.000000000000003997E+00  2.236681988196946491E-11  0.000000000000000000E+00  0.000000000000000000E+00  2.500000000250034438E-01  5.146997431853633145E-12  2.500000000198564498E-01  0.000000000000000000E+00
  4.689693066946555966E+00  1.000000000000003775E+00  2.236681988214495968E-11  0.000000000000000000E+00  0.000000000000000000E+00  2.500000000250034993E-01  5.122076069991969557E-12  2.500000000198813743E-01  0.000000000000000000E+00
  4.703668413637802637E+00  1.000000000000003997E+00  2.236681988186762476E-11  0.000000000000000000E+00  0.000000000000000000E+00  2.500000000250034993E-01  5.097955788991818832E-12  2.500000000199055217E-01  0.000000000000000000E+00
  4.717643760585723989E+00  1.000000000000003775E+00  2.236681988240634553E-11  0.000000000000000000E+00  0.000000000000000000E+00  2.500000000250034993E-01  5.073253446418352365E-12  2.500000000199302796E-01  0.000000000000000000E+00
  4.731619107651317435E+00  1.000000000000003775E+00  2.236681988251120682E-11  0.000000000000000000E+00  0.000000000000000000E+00  2.500000000250034993E-01  5.049381617722700611E-12  2.500000000199541494E-01  0.000000000000000000E+00
  4.745594454970309073E+00  1.000000000000003775E+00  2.236681988277597247E-11  0.000000000000000000E+00  0.000000000000000000E+00  2.500000000250034993E-01  5.024896047168962910E-12  2.500000000199786299E-01  0.000000000000000000E+00
  4.759569802408336159E+00  1.000000000000003775E+00  2.236681988231743330E-11  0.000000000000000000E+00  0.000000000000000000E+00  2.500000000250034993E-01  5.001270627920892389E-12  2.500000000200022221E-01  0.000000000000000000E+00
  4.773545150096558665E+00  1.000000000000003775E+00  2.236681988253568943E-11  0.000000000000000000E+00  0.000000000000000000E+00  2.500000000250035548E-01  4.977000146846636835E-12  2.500000000200265360E-01  0.000000000000000000E+00
  4.787520497905221717E+00  1.000000000000003997E+00  2.236681988320221283E-11  0.000000000000000000E+00  0.000000000000000000E+00  2.500000000250035548E-01  4.953617363584645569E-12  2.500000000200498507E-01  0.000000000000000000E+00
  4.801495845960937814E+00  1.000000000000003775E+00  2.236681988330783345E-11  0.000000000000000000E+00  0.000000000000000000E+00  2.500000000250035548E-01  4.929560369376149330E-12  2.500000000200739980E-01  0.000000000000000000E+00
  4.815471194138525313E+00  1.000000000000003553E+00  2.236681988313420630E-11  0.000000000000000000E+00  0.000000000000000000E+00  2.500000000250034993E-01  4.906418136701421484E-12  2.500000000200970351E-01  0.000000000000000000E+00
  4.829446542560091871E+00  1.000000000000003553E+00  2.236681988333138225E-11  0.000000000000000000E+00  0.000000000000000000E+00  2.500000000250034438E-01  4.882572547247190301E-12  2.500000000201209049E-01  0.000000000000000000E+00
  4.843421891104957133E+00  1.000000000000003553E+00  2.236681988293593176E-11  0.000000000000000000E+00  0.000000000000000000E+00  2.500000000250033882E-01  4.859668851119366992E-12  2.500000000201436645E-01  0.000000000000000000E+00
  4.857397239890747009E+00  1.000000000000003553E+00  2.236681988316926454E-11  0.000000000000000000E+00  0.000000000000000000E+00  2.500000000250032772E-01  4.836032734377384209E-12  2.500000000201673123E-01  0.000000000000000000E+00
  4.871372588801100356E+00  1.000000000000003331E+00  2.236681988361675633E-11  0.000000000000000000E+00  0.000000000000000000E+00  2.500000000250034438E-01  4.813364750197220695E-12  2.500000000201900718E-01  0.000000000000000000E+00
  4.885347937949327424E+00  1.000000000000003997E+00  2.236681988392697814E-11  0.000000000000000000E+00  0.000000000000000000E+00  2.500000000250033327E-01  4.789936698373758269E-12  2.500000000202134420E-01  0.000000000000000000E+00
  4.899323287223477763E+00  1.000000000000003553E+00  2.236681988344802764E-11  0.000000000000000000E+00  0.000000000000000000E+00  2.500000000250033882E-01  4.767501531278298934E-12  2.500000000202358685E-01  0.000000000000000000E+00
  4.913298636732417179E+00  1.000000000000003775E+00  2.236681988419890730E-11  0.000000000000000000E+00  0.000000000000000000E+00  2.500000000250032772E-01  4.744279774325977782E-12  2.500000000202590167E-01  0.000000000000000000E+00
  4.927273986368618353E+00  1.000000000000003997E+00  2.236681988369669235E-11  0.000000000000000000E+00  0.000000000000000000E+00  2.500000000250033327E-01  4.722075494298584358E-12  2.500000000202812767E-01  0.000000000000000000E+00
  4.941249336236509748E+00  1.000000000000003997E+00  2.236681988344192395E-11  0.000000000000000000E+00  0.000000000000000000E+00  2.500000000250033327E-01  4.699057973052875418E-12  2.500000000203042028E-01  0.000000000000000000E+00
  4.955224686232878817E+00  1.000000000000003775E+00  2.236681988291722003E-11  0.000000000000000000E+00  0.000000000000000000E+00  2.500000000250032772E-01  4.677082649242860355E-12  2.500000000203262407E-01  0.000000000000000000E+00
  4.969200036457886327E+00  1.000000000000003997E+00  2.236681988293915324E-11  0.000000000000000000E+00  0.000000000000000000E+00  2.500000000250032772E-01  4.654267835477171900E-12  2.500000000203490003E-01  0.000000000000000000E+00
  4.983175386812657592E+00  1.000000000000003997E+00  2.236681988306145965E-11  0.000000000000000000E+00  0.000000000000000000E+00  2.500000000250032772E-01  4.632517817974396894E-12  2.500000000203708161E-01  0.000000000000000000E+00
  4.997150737393056374E+00  1.000000000000003775E+00  2.236681988349219779E-11  0.000000000000000000E+00  0.000000000000000000E+00  2.500000000250033327E-01  4.609904232784275639E-12  2.500000000203934092E-01  0.000000000000000000E+00
