  #time                     mass                      x-momentum                y-momentum                z-momentum                E_total                   E_kinetic                 E_internal                MagEnergy                
  0.000000000000000000E+00  1.000000000000002665E+00  2.236681987794711824E-11  0.000000000000000000E+00  0.000000000000000000E+00  2.500000000250036103E-01  2.500034831448640924E-11  2.500000000000032196E-01  0.000000000000000000E+00
  7.966059533472876278E-03  1.000000000000002665E+00  2.236681987498250293E-11  0.000000000000000000E+00  0.000000000000000000E+00  2.500000000250036103E-01  2.497283946952582588E-11  2.500000000000307532E-01  0.000000000000000000E+00
  2.194129740103585580E-02  1.000000000000002442E+00  2.236681987413546998E-11  0.000000000000000000E+00  0.000000000000000000E+00  2.500000000250036103E-01  2.492465249428755880E-11  2.500000000000789369E-01  0.000000000000000000E+00
  3.591653722458888753E-02  1.000000000000002220E+00  2.236681987413546998E-11  0.000000000000000000E+00  0.000000000000000000E+00  2.500000000250036103E-01  2.487655849422449846E-11  2.500000000001270650E-01  0.000000000000000000E+00
  4.989177545203396513E-02  1.000000000000002220E+00  2.236681987371195350E-11  0.000000000000000000E+00  0.000000000000000000E+00  2.500000000250036658E-01  2.482855730236858386E-11  2.500000000001751377E-01  0.000000000000000000E+00
  6.386701563306043661E-02  1.000000000000002220E+00  2.236681987582953587E-11  0.000000000000000000E+00  0.000000000000000000E+00  2.500000000250036658E-01  2.478064872791230533E-11  2.500000000002229883E-01  0.000000000000000000E+00
  7.784225421978502313E-02  1.000000000000002220E+00  2.236681987561777764E-11  0.000000000000000000E+00  0.000000000000000000E+00  2.500000000250036103E-01  2.473283260431753547E-11  2.500000000002707834E-01  0.000000000000000000E+00
  9.181749475776923575E-02  1.000000000000002220E+00  2.236681987582953587E-11  0.000000000000000000E+00  0.000000000000000000E+00  2.500000000250036103E-01  2.468510874048041101E-11  2.500000000003185230E-01  0.000000000000000000E+00
  1.057927337032538023E-01  1.000000000000002220E+00  2.236681987577659631E-11  0.000000000000000000E+00  0.000000000000000000E+00  2.500000000250036103E-01  2.463747696993276267E-11  2.500000000003660960E-01  0.000000000000000000E+00
  1.197679745975684940E-01  1.000000000000002220E+00  2.236681987598835455E-11  0.000000000000000000E+00  0.000000000000000000E+00  2.500000000250036658E-01  2.458993710202510785E-11  2.500000000004137246E-01  0.000000000000000000E+00
  1.337432139010850674E-01  1.000000000000002442E+00  2.236681987604129411E-11  0.000000000000000000E+00  0.000000000000000000E+00  2.500000000250036658E-01  2.454248897086710171E-11  2.500000000004611866E-01  0.000000000000000000E+00
  1.477184551509781729E-01  1.000000000000002442E+00  2.236681987519426116E-11  0.000000000000000000E+00  0.000000000000000000E+00  2.500000000250037213E-01  2.449513238672246579E-11  2.500000000005085932E-01  0.000000000000000000E+00
  1.616936948118103679E-01  1.000000000000002665E+00  2.236681987540601940E-11  0.000000000000000000E+00  0.000000000000000000E+00  2.500000000250037213E-01  2.444786718492358008E-11  2.500000000005558887E-01  0.000000000000000000E+00
  1.756689364166694745E-01  1.000000000000002220E+00  2.236681987455898645E-11  0.000000000000000000E+00  0.000000000000000000E+00  2.500000000250037213E-01  2.440069317732766173E-11  2.500000000006030176E-01  0.000000000000000000E+00
  1.896441764342946812E-01  1.000000000000002220E+00  2.236681987201788761E-11  0.000000000000000000E+00  0.000000000000000000E+00  2.500000000250037768E-01  2.435361020012106744E-11  2.500000000006502021E-01  0.000000000000000000E+00
  2.036194183933830726E-01  1.000000000000002442E+00  2.236681987328843703E-11  0.000000000000000000E+00  0.000000000000000000E+00  2.500000000250037768E-01  2.430661806578713515E-11  2.500000000006971090E-01  0.000000000000000000E+00
  2.175946587672381582E-01  1.000000000000002220E+00  2.236681987328843703E-11  0.000000000000000000E+00  0.000000000000000000E+00  2.500000000250037213E-01  2.425971661138044458E-11  2.500000000007440160E-01  0.000000000000000000E+00
  2.315699010796284096E-01  1.000000000000002220E+00  2.236681987244140408E-11  0.000000000000000000E+00  0.000000000000000000E+00  2.500000000250037213E-01  2.421290565039223384E-11  2.500000000007908119E-01  0.000000000000000000E+00
  2.455451418088683557E-01  1.000000000000002665E+00  2.236681987371195350E-11  0.000000000000000000E+00  0.000000000000000000E+00  2.500000000250037213E-01  2.416618502072287806E-11  2.500000000008375522E-01  0.000000000000000000E+00
  2.595203844736823640E-01  1.000000000000002220E+00  2.236681987371195350E-11  0.000000000000000000E+00  0.000000000000000000E+00  2.500000000250037768E-01  2.411955453684661612E-11  2.500000000008842371E-01  0.000000000000000000E+00
  2.734956255574509387E-01  1.000000000000002220E+00  2.236681987074733819E-11  0.000000000000000000E+00  0.000000000000000000E+00  2.500000000250038878E-01  2.407301403715921061E-11  2.500000000009308110E-01  0.000000000000000000E+00
  2.874708685739730818E-01  1.000000000000002220E+00  2.236681987244140408E-11  0.000000000000000000E+00  0.000000000000000000E+00  2.500000000250038878E-01  2.402656333631700618E-11  2.500000000009772738E-01  0.000000000000000000E+00
  3.014461100116764825E-01  1.000000000000002220E+00  2.236681987265316232E-11  0.000000000000000000E+00  0.000000000000000000E+00  2.500000000250038878E-01  2.398020227241549563E-11  2.500000000010236811E-01  0.000000000000000000E+00
  3.154213533793817636E-01  1.000000000000002220E+00  2.236681987402959086E-11  0.000000000000000000E+00  0.000000000000000000E+00  2.500000000250038878E-01  2.393393066008614678E-11  2.500000000010699219E-01  0.000000000000000000E+00
  3.293965951704970752E-01  1.000000000000002220E+00  2.236681987328843703E-11  0.000000000000000000E+00  0.000000000000000000E+00  2.500000000250039434E-01  2.388774833817528687E-11  2.500000000011162182E-01  0.000000000000000000E+00
  3.433718388887821438E-01  1.000000000000002220E+00  2.236681987424134910E-11  0.000000000000000000E+00  0.000000000000000000E+00  2.500000000250038878E-01  2.384165512221445316E-11  2.500000000011622925E-01  0.000000000000000000E+00
  3.573470810326230263E-01  1.000000000000002665E+00  2.236681987275904144E-11  0.000000000000000000E+00  0.000000000000000000E+00  2.500000000250039434E-01  2.379565085159144014E-11  2.500000000012082557E-01  0.000000000000000000E+00
  3.713223251007744530E-01  1.000000000000002220E+00  2.236681987350019527E-11  0.000000000000000000E+00  0.000000000000000000E+00  2.500000000250038878E-01  2.374973534283823742E-11  2.500000000012541079E-01  0.000000000000000000E+00
  3.852975675966444080E-01  1.000000000000002220E+00  2.236681987540601940E-11  0.000000000000000000E+00  0.000000000000000000E+00  2.500000000250038878E-01  2.370390843611661558E-11  2.500000000013000157E-01  0.000000000000000000E+00
  3.992728120140487946E-01  1.000000000000001998E+00  2.236681987582953587E-11  0.000000000000000000E+00  0.000000000000000000E+00  2.500000000250039434E-01  2.365816994871989027E-11  2.500000000013458124E-01  0.000000000000000000E+00
  4.132480548614076987E-01  1.000000000000001998E+00  2.236681987540601940E-11  0.000000000000000000E+00  0.000000000000000000E+00  2.500000000250039434E-01  2.361251972130012077E-11  2.500000000013914425E-01  0.000000000000000000E+00
  4.272232996275283634E-01  1.000000000000001776E+00  2.236681987625305235E-11  0.000000000000000000E+00  0.000000000000000000E+00  2.500000000250038878E-01  2.356695757176643284E-11  2.500000000014369617E-01  0.000000000000000000E+00
  4.411985428257921282E-01  1.000000000000001776E+00  2.236681987710008529E-11  0.000000000000000000E+00  0.000000000000000000E+00  2.500000000250038323E-01  2.352148334199581747E-11  2.500000000014823698E-01  0.000000000000000000E+00
  4.551737879399299636E-01  1.000000000000001998E+00  2.236681987752360177E-11  0.000000000000000000E+00  0.000000000000000000E+00  2.500000000250037768E-01  2.347609685159163757E-11  2.500000000015276669E-01  0.000000000000000000E+00
  4.691490314882870161E-01  1.000000000000002220E+00  2.236681987625305235E-11  0.000000000000000000E+00  0.000000000000000000E+00  2.500000000250037768E-01  2.343079794376290986E-11  2.500000000015729640E-01  0.000000000000000000E+00
  4.831242769496011946E-01  1.000000000000001998E+00  2.236681987667656882E-11  0.000000000000000000E+00  0.000000000000000000E+00  2.500000000250038323E-01  2.338558643912046770E-11  2.500000000016182056E-01  0.000000000000000000E+00
  4.970995208472221427E-01  1.000000000000001776E+00  2.236681987582953587E-11  0.000000000000000000E+00  0.000000000000000000E+00  2.500000000250037768E-01  2.334046218072881354E-11  2.500000000016633361E-01  0.000000000000000000E+00
  5.110747666549994017E-01  1.000000000000001554E+00  2.236681987625305235E-11  0.000000000000000000E+00  0.000000000000000000E+00  2.500000000250038878E-01  2.329542498883260469E-11  2.500000000017084667E-01  0.000000000000000000E+00
  5.250500109012736782E-01  1.000000000000001332E+00  2.236681987688832706E-11  0.000000000000000000E+00  0.000000000000000000E+00  2.500000000250039434E-01  2.325047470613038079E-11  2.500000000017534307E-01  0.000000000000000000E+00
  5.390252570549720623E-01  1.000000000000001332E+00  2.236681987699420617E-11  0.000000000000000000E+00  0.000000000000000000E+00  2.500000000250039434E-01  2.320561115266309624E-11  2.500000000017983393E-01  0.000000000000000000E+00
  5.530005016493712011E-01  1.000000000000001110E+00  2.236681987715302485E-11  0.000000000000000000E+00  0.000000000000000000E+00  2.500000000250038878E-01  2.316083417197358682E-11  2.500000000018430257E-01  0.000000000000000000E+00
  5.669757481481133565E-01  1.000000000000001332E+00  2.236681987641187102E-11  0.000000000000000000E+00  0.000000000000000000E+00  2.500000000250038878E-01  2.311614358578416785E-11  2.500000000018877677E-01  0.000000000000000000E+00
  5.809509930899885433E-01  1.000000000000001110E+00  2.236681987646481058E-11  0.000000000000000000E+00  0.000000000000000000E+00  2.500000000250038323E-01  2.307153923852153375E-11  2.500000000019323432E-01  0.000000000000000000E+00
  5.949262399329585671E-01  1.000000000000000444E+00  2.236681987625305235E-11  0.000000000000000000E+00  0.000000000000000000E+00  2.500000000250038878E-01  2.302702095263975740E-11  2.500000000019768631E-01  0.000000000000000000E+00
  6.089014852216404483E-01  1.000000000000000444E+00  2.236681987667656882E-11  0.000000000000000000E+00  0.000000000000000000E+00  2.500000000250038878E-01  2.298258857293940273E-11  2.500000000020212720E-01  0.000000000000000000E+00
  6.228767324082291612E-01  1.000000000000000666E+00  2.236681987667656882E-11  0.000000000000000000E+00  0.000000000000000000E+00  2.500000000250039989E-01  2.293824192221726679E-11  2.500000000020657365E-01  0.000000000000000000E+00
  6.368519780431622923E-01  1.000000000000000444E+00  2.236681987540601940E-11  0.000000000000000000E+00  0.000000000000000000E+00  2.500000000250039989E-01  2.289398084561979456E-11  2.500000000021099789E-01  0.000000000000000000E+00
  6.508272255728183575E-01  1.000000000000000666E+00  2.236681987540601940E-11  0.000000000000000000E+00  0.000000000000000000E+00  2.500000000250039434E-01  2.284980516662981633E-11  2.500000000021541657E-01  0.000000000000000000E+00
  6.648024715534103235E-01  1.000000000000000666E+00  2.236681987498250293E-11  0.000000000000000000E+00  0.000000000000000000E+00  2.500000000250039989E-01  2.280571473162382694E-11  2.500000000021982971E-01  0.000000000000000000E+00
  6.787777194254515090E-01  1.000000000000000444E+00  2.236681987413546998E-11  0.000000000000000000E+00  0.000000000000000000E+00  2.500000000250038878E-01  2.276170936589520320E-11  2.500000000022422064E-01  0.000000000000000000E+00
  6.927529657509209349E-01  1.000000000000000666E+00  2.236681987286492056E-11  0.000000000000000000E+00  0.000000000000000000E+00  2.500000000250039434E-01  2.271778891721801653E-11  2.500000000022861713E-01  0.000000000000000000E+00
  7.067282139645406636E-01  1.000000000000000444E+00  2.236681987159437114E-11  0.000000000000000000E+00  0.000000000000000000E+00  2.500000000250039434E-01  2.267395321196506917E-11  2.500000000023299696E-01  0.000000000000000000E+00
  7.207034606340825267E-01  1.000000000000000444E+00  2.236681987074733819E-11  0.000000000000000000E+00  0.000000000000000000E+00  2.500000000250039989E-01  2.263020209780997535E-11  2.500000000023737678E-01  0.000000000000000000E+00
  7.346787091885697007E-01  1.000000000000000222E+00  2.236681987074733819E-11  0.000000000000000000E+00  0.000000000000000000E+00  2.500000000250039989E-01  2.258653540059493004E-11  2.500000000024174551E-01  0.000000000000000000E+00
  7.486539562015602778E-01  1.000000000000000000E+00  2.236681987074733819E-11  0.000000000000000000E+00  0.000000000000000000E+00  2.500000000250039989E-01  2.254295296786547986E-11  2.500000000024610314E-01  0.000000000000000000E+00
  7.626292050963594527E-01  1.000000000000000222E+00  2.236681987095909643E-11  0.000000000000000000E+00  0.000000000000000000E+00  2.500000000250039989E-01  2.249945462550898514E-11  2.500000000025045521E-01  0.000000000000000000E+00
  7.766044524522623949E-01  1.000000000000000222E+00  2.236681987095909643E-11  0.000000000000000000E+00  0.000000000000000000E+00  2.500000000250040544E-01  2.245604022159484985E-11  2.500000000025480174E-01  0.000000000000000000E+00
  7.905797016868008065E-01  1.000000000000000444E+00  2.236681987207082717E-11  0.000000000000000000E+00  0.000000000000000000E+00  2.500000000250040544E-01  2.241270958336929821E-11  2.500000000025913161E-01  0.000000000000000000E+00
  8.045549493849953882E-01  1.000000000000000222E+00  2.236681987254728320E-11  0.000000000000000000E+00  0.000000000000000000E+00  2.500000000250040544E-01  2.236946255999608768E-11  2.500000000026345592E-01  0.000000000000000000E+00
  8.185301989586282190E-01  1.000000000000000000E+00  2.236681987244140408E-11  0.000000000000000000E+00  0.000000000000000000E+00  2.500000000250041099E-01  2.232629897944031412E-11  2.500000000026777469E-01  0.000000000000000000E+00
  8.325054469984678462E-01  9.999999999999997780E-01  2.236681987159437114E-11  0.000000000000000000E+00  0.000000000000000000E+00  2.500000000250041099E-01  2.228321869105336605E-11  2.500000000027208791E-01  0.000000000000000000E+00
  8.464806969105918011E-01  1.000000000000000000E+00  2.236681987117085466E-11  0.000000000000000000E+00  0.000000000000000000E+00  2.500000000250041099E-01  2.224022152305539208E-11  2.500000000027639002E-01  0.000000000000000000E+00
  8.604559452915115925E-01  9.999999999999995559E-01  2.236681987117085466E-11  0.000000000000000000E+00  0.000000000000000000E+00  2.500000000250041099E-01  2.219730732496255122E-11  2.500000000028067548E-01  0.000000000000000000E+00
  8.744311955415622339E-01  9.999999999999995559E-01  2.236681987201788761E-11  0.000000000000000000E+00  0.000000000000000000E+00  2.500000000250040544E-01  2.215447592573820740E-11  2.500000000028496094E-01  0.000000000000000000E+00
  8.884064442629641123E-01  9.999999999999995559E-01  2.236681987286492056E-11  0.000000000000000000E+00  0.000000000000000000E+00  2.500000000250040544E-01  2.211172717617324050E-11  2.500000000028923530E-01  0.000000000000000000E+00
  9.023816948502716428E-01  9.999999999999993339E-01  2.236681987201788761E-11  0.000000000000000000E+00  0.000000000000000000E+00  2.500000000250041099E-01  2.206906090704670821E-11  2.500000000029350411E-01  0.000000000000000000E+00
  9.163569439114004345E-01  9.999999999999994449E-01  2.236681987244140408E-11  0.000000000000000000E+00  0.000000000000000000E+00  2.500000000250041099E-01  2.202647697070084502E-11  2.500000000029776182E-01  0.000000000000000000E+00
  9.303321948348116655E-01  9.999999999999995559E-01  2.236681987244140408E-11  0.000000000000000000E+00  0.000000000000000000E+00  2.500000000250039989E-01  2.198397519881036751E-11  2.500000000030200287E-01  0.000000000000000000E+00
  9.443074442348848851E-01  9.999999999999994449E-01  2.236681987328843703E-11  0.000000000000000000E+00  0.000000000000000000E+00  2.500000000250039989E-01  2.194155544386837372E-11  2.500000000030624392E-01  0.000000000000000000E+00
  9.582826954936508601E-01  9.999999999999994449E-01  2.236681987371195350E-11  0.000000000000000000E+00  0.000000000000000000E+00  2.500000000250039989E-01  2.189921753728358347E-11  2.500000000031048497E-01  0.000000000000000000E+00
  9.722579452320379012E-01  9.999999999999993339E-01  2.236681987265316232E-11  0.000000000000000000E+00  0.000000000000000000E+00  2.500000000250039989E-01  2.185696133090708311E-11  2.500000000031470382E-01  0.000000000000000000E+00
  9.862331968255924064E-01  9.999999999999992228E-01  2.236681987201788761E-11  0.000000000000000000E+00  0.000000000000000000E+00  2.500000000250039434E-01  2.181478665607782817E-11  2.500000000031892267E-01  0.000000000000000000E+00
  1.000208446901753145E+00  9.999999999999994449E-01  2.236681987233552496E-11  0.000000000000000000E+00  0.000000000000000000E+00  2.500000000250039989E-01  2.177269336522227050E-11  2.500000000032313041E-01  0.000000000000000000E+00
  1.014183698829537184E+00  9.999999999999993339E-01  2.236681987244140408E-11  0.000000000000000000E+00  0.000000000000000000E+00  2.500000000250039434E-01  2.173068129106383657E-11  2.500000000032732705E-01  0.000000000000000000E+00
  1.028158949242874209E+00  9.999999999999990008E-01  2.236681987360607439E-11  0.000000000000000000E+00  0.000000000000000000E+00  2.500000000250038878E-01  2.168875028720381705E-11  2.500000000033151260E-01  0.000000000000000000E+00
  1.042134201504272273E+00  9.999999999999991118E-01  2.236681987222964585E-11  0.000000000000000000E+00  0.000000000000000000E+00  2.500000000250038878E-01  2.164690018713336541E-11  2.500000000033570369E-01  0.000000000000000000E+00
  1.056109452254162084E+00  9.999999999999987788E-01  2.236681987477074469E-11  0.000000000000000000E+00  0.000000000000000000E+00  2.500000000250038878E-01  2.160513084506918822E-11  2.500000000033987813E-01  0.000000000000000000E+00
  1.070084704848577983E+00  9.999999999999984457E-01  2.236681987498250293E-11  0.000000000000000000E+00  0.000000000000000000E+00  2.500000000250039434E-01  2.156344209459231407E-11  2.500000000034404701E-01  0.000000000000000000E+00
  1.084059955934451258E+00  9.999999999999982236E-01  2.236681987371195350E-11  0.000000000000000000E+00  0.000000000000000000E+00  2.500000000250039434E-01  2.152183378955851767E-11  2.500000000034821035E-01  0.000000000000000000E+00
  1.098035208861319223E+00  9.999999999999981126E-01  2.236681987540601940E-11  0.000000000000000000E+00  0.000000000000000000E+00  2.500000000250039434E-01  2.148030576385852921E-11  2.500000000035236258E-01  0.000000000000000000E+00
  1.112010460282574442E+00  9.999999999999978906E-01  2.236681987455898645E-11  0.000000000000000000E+00  0.000000000000000000E+00  2.500000000250039989E-01  2.143885787268045609E-11  2.500000000035651482E-01  0.000000000000000000E+00
  1.125985713541235222E+00  9.999999999999977796E-01  2.236681987582953587E-11  0.000000000000000000E+00  0.000000000000000000E+00  2.500000000250039989E-01  2.139748995190757412E-11  2.500000000036065040E-01  0.000000000000000000E+00
  1.139960965297139417E+00  9.999999999999978906E-01  2.236681987455898645E-11  0.000000000000000000E+00  0.000000000000000000E+00  2.500000000250041099E-01  2.135620185828583677E-11  2.500000000036479153E-01  0.000000000000000000E+00
  1.153936218886843168E+00  9.999999999999975575E-01  2.236681987413546998E-11  0.000000000000000000E+00  0.000000000000000000E+00  2.500000000250040544E-01  2.131499342874718774E-11  2.500000000036890491E-01  0.000000000000000000E+00
  1.167911470976636501E+00  9.999999999999976685E-01  2.236681987498250293E-11  0.000000000000000000E+00  0.000000000000000000E+00  2.500000000250041099E-01  2.127386452002928608E-11  2.500000000037302383E-01  0.000000000000000000E+00
  1.181886724896687335E+00  9.999999999999977796E-01  2.236681987307667879E-11  0.000000000000000000E+00  0.000000000000000000E+00  2.500000000250041099E-01  2.123281496897503727E-11  2.500000000037713166E-01  0.000000000000000000E+00
  1.195861977319736535E+00  9.999999999999977796E-01  2.236681987244140408E-11  0.000000000000000000E+00  0.000000000000000000E+00  2.500000000250041099E-01  2.119184463196297794E-11  2.500000000038122838E-01  0.000000000000000000E+00
  1.209837231569564908E+00  9.999999999999977796E-01  2.236681987138261290E-11  0.000000000000000000E+00  0.000000000000000000E+00  2.500000000250041654E-01  2.115095334576225878E-11  2.500000000038532511E-01  0.000000000000000000E+00
  1.223812484325327521E+00  9.999999999999975575E-01  2.236681986926503053E-11  0.000000000000000000E+00  0.000000000000000000E+00  2.500000000250041099E-01  2.111014096716008890E-11  2.500000000038939407E-01  0.000000000000000000E+00
  1.237787738904381873E+00  9.999999999999974465E-01  2.236681986868269538E-11  0.000000000000000000E+00  0.000000000000000000E+00  2.500000000250040544E-01  2.106940733387638878E-11  2.500000000039346304E-01  0.000000000000000000E+00
  1.251762991992280361E+00  9.999999999999976685E-01  2.236681987011206348E-11  0.000000000000000000E+00  0.000000000000000000E+00  2.500000000250039989E-01  2.102875230359976497E-11  2.500000000039752646E-01  0.000000000000000000E+00
  1.265738246899909880E+00  9.999999999999975575E-01  2.236681987011206348E-11  0.000000000000000000E+00  0.000000000000000000E+00  2.500000000250039989E-01  2.098817571516871557E-11  2.500000000040158987E-01  0.000000000000000000E+00
  1.279713500319342057E+00  9.999999999999975575E-01  2.236681987201788761E-11  0.000000000000000000E+00  0.000000000000000000E+00  2.500000000250039989E-01  2.094767742689367692E-11  2.500000000040563108E-01  0.000000000000000000E+00
  1.293688755554608161E+00  9.999999999999973355E-01  2.236681987371195350E-11  0.000000000000000000E+00  0.000000000000000000E+00  2.500000000250040544E-01  2.090725727768864351E-11  2.500000000040967785E-01  0.000000000000000000E+00
  1.307664009305004260E+00  9.999999999999971134E-01  2.236681987328843703E-11  0.000000000000000000E+00  0.000000000000000000E+00  2.500000000250039989E-01  2.086691512602118367E-11  2.500000000041371351E-01  0.000000000000000000E+00
  1.321639264867337626E+00  9.999999999999973355E-01  2.236681987328843703E-11  0.000000000000000000E+00  0.000000000000000000E+00  2.500000000250040544E-01  2.082665081140218348E-11  2.500000000041773807E-01  0.000000000000000000E+00
  1.335614518948094576E+00  9.999999999999970024E-01  2.236681987159437114E-11  0.000000000000000000E+00  0.000000000000000000E+00  2.500000000250041099E-01  2.078646419313636978E-11  2.500000000042175707E-01  0.000000000000000000E+00
  1.349589774836850831E+00  9.999999999999971134E-01  2.236681987032382172E-11  0.000000000000000000E+00  0.000000000000000000E+00  2.500000000250040544E-01  2.074635511206392402E-11  2.500000000042577053E-01  0.000000000000000000E+00
  1.363565029247255644E+00  9.999999999999972244E-01  2.236681987159437114E-11  0.000000000000000000E+00  0.000000000000000000E+00  2.500000000250039989E-01  2.070632342886893226E-11  2.500000000042976178E-01  0.000000000000000000E+00
  1.377540285461705594E+00  9.999999999999968914E-01  2.236681987159437114E-11  0.000000000000000000E+00  0.000000000000000000E+00  2.500000000250039434E-01  2.066636898558789239E-11  2.500000000043375858E-01  0.000000000000000000E+00
  1.391515540201015977E+00  9.999999999999968914E-01  2.236681987074733819E-11  0.000000000000000000E+00  0.000000000000000000E+00  2.500000000250039434E-01  2.062649164309512906E-11  2.500000000043774984E-01  0.000000000000000000E+00
  1.405490796740474613E+00  9.999999999999967804E-01  2.236681987095909643E-11  0.000000000000000000E+00  0.000000000000000000E+00  2.500000000250038878E-01  2.058669124324986179E-11  2.500000000044171888E-01  0.000000000000000000E+00
  1.419466051808059737E+00  9.999999999999965583E-01  2.236681987095909643E-11  0.000000000000000000E+00  0.000000000000000000E+00  2.500000000250038878E-01  2.054696764648127899E-11  2.500000000044568793E-01  0.000000000000000000E+00
  1.433441308671954406E+00  9.999999999999966693E-01  2.236681987011206348E-11  0.000000000000000000E+00  0.000000000000000000E+00  2.500000000250038323E-01  2.050732069477655790E-11  2.500000000044965143E-01  0.000000000000000000E+00
  1.447416564067270484E+00  9.999999999999964473E-01  2.236681987122379422E-11  0.000000000000000000E+00  0.000000000000000000E+00  2.500000000250038878E-01  2.046775024926937015E-11  2.500000000045361492E-01  0.000000000000000000E+00
  1.461391821255060286E+00  9.999999999999962252E-01  2.236681987101203598E-11  0.000000000000000000E+00  0.000000000000000000E+00  2.500000000250038878E-01  2.042825615291281054E-11  2.500000000045756732E-01  0.000000000000000000E+00
  1.475367076977548653E+00  9.999999999999962252E-01  2.236681987222964585E-11  0.000000000000000000E+00  0.000000000000000000E+00  2.500000000250038878E-01  2.038883826765349475E-11  2.500000000046150861E-01  0.000000000000000000E+00
  1.489342334488664266E+00  9.999999999999962252E-01  2.236681987201788761E-11  0.000000000000000000E+00  0.000000000000000000E+00  2.500000000250038878E-01  2.034949643743095631E-11  2.500000000046543880E-01  0.000000000000000000E+00
  1.503317590537740278E+00  9.999999999999960032E-01  2.236681987159437114E-11  0.000000000000000000E+00  0.000000000000000000E+00  2.500000000250038878E-01  2.031023052472866727E-11  2.500000000046936899E-01  0.000000000000000000E+00
  1.517292848371607494E+00  9.999999999999956701E-01  2.236681987201788761E-11  0.000000000000000000E+00  0.000000000000000000E+00  2.500000000250038878E-01  2.027104037365300285E-11  2.500000000047328808E-01  0.000000000000000000E+00
  1.531268104746702718E+00  9.999999999999957812E-01  2.236681987117085466E-11  0.000000000000000000E+00  0.000000000000000000E+00  2.500000000250039434E-01  2.023192584685709115E-11  2.500000000047720716E-01  0.000000000000000000E+00
  1.545243362902753326E+00  9.999999999999956701E-01  2.236681986905327229E-11  0.000000000000000000E+00  0.000000000000000000E+00  2.500000000250039989E-01  2.019288678890698390E-11  2.500000000048110960E-01  0.000000000000000000E+00
  1.559218619603266687E+00  9.999999999999957812E-01  2.236681986990030524E-11  0.000000000000000000E+00  0.000000000000000000E+00  2.500000000250039989E-01  2.015392306305865909E-11  2.500000000048500093E-01  0.000000000000000000E+00
  1.573193878080861863E+00  9.999999999999957812E-01  2.236681986990030524E-11  0.000000000000000000E+00  0.000000000000000000E+00  2.500000000250039434E-01  2.011503451514825260E-11  2.500000000048889781E-01  0.000000000000000000E+00
  1.587169135106094142E+00  9.999999999999957812E-01  2.236681986862975582E-11  0.000000000000000000E+00  0.000000000000000000E+00  2.500000000250040544E-01  2.007622100958528778E-11  2.500000000049277804E-01  0.000000000000000000E+00
  1.601144393904524676E+00  9.999999999999955591E-01  2.236681986862975582E-11  0.000000000000000000E+00  0.000000000000000000E+00  2.500000000250039989E-01  2.003748239316110024E-11  2.500000000049665272E-01  0.000000000000000000E+00
  1.615119651253754673E+00  9.999999999999953371E-01  2.236681986905327229E-11  0.000000000000000000E+00  0.000000000000000000E+00  2.500000000250040544E-01  1.999881853069915583E-11  2.500000000050052185E-01  0.000000000000000000E+00
  1.629094910372184790E+00  9.999999999999951150E-01  2.236681986799448111E-11  0.000000000000000000E+00  0.000000000000000000E+00  2.500000000250040544E-01  1.996022926930785562E-11  2.500000000050437987E-01  0.000000000000000000E+00
  1.643070168044781454E+00  9.999999999999951150E-01  2.236681986735920640E-11  0.000000000000000000E+00  0.000000000000000000E+00  2.500000000250040544E-01  1.992171447386445802E-11  2.500000000050823235E-01  0.000000000000000000E+00
  1.657045427482398026E+00  9.999999999999952260E-01  2.236681986661805257E-11  0.000000000000000000E+00  0.000000000000000000E+00  2.500000000250039989E-01  1.988327399122495448E-11  2.500000000051207927E-01  0.000000000000000000E+00
  1.671020685477820455E+00  9.999999999999953371E-01  2.236681986555926139E-11  0.000000000000000000E+00  0.000000000000000000E+00  2.500000000250041099E-01  1.984490768650052750E-11  2.500000000051592064E-01  0.000000000000000000E+00
  1.684995945234090131E+00  9.999999999999953371E-01  2.236681986513574491E-11  0.000000000000000000E+00  0.000000000000000000E+00  2.500000000250041099E-01  1.980661540768705248E-11  2.500000000051974536E-01  0.000000000000000000E+00
  1.698971203551794096E+00  9.999999999999952260E-01  2.236681986450047020E-11  0.000000000000000000E+00  0.000000000000000000E+00  2.500000000250041099E-01  1.976839702099490897E-11  2.500000000052357008E-01  0.000000000000000000E+00
  1.712946463626165539E+00  9.999999999999951150E-01  2.236681986375931637E-11  0.000000000000000000E+00  0.000000000000000000E+00  2.500000000250041099E-01  1.973025237526601008E-11  2.500000000052738369E-01  0.000000000000000000E+00
  1.726921722265584380E+00  9.999999999999947820E-01  2.236681986164173401E-11  0.000000000000000000E+00  0.000000000000000000E+00  2.500000000250041099E-01  1.969218133712888163E-11  2.500000000053119176E-01  0.000000000000000000E+00
  1.740896982657497150E+00  9.999999999999945599E-01  2.236681986354755814E-11  0.000000000000000000E+00  0.000000000000000000E+00  2.500000000250041099E-01  1.965418375560684134E-11  2.500000000053499427E-01  0.000000000000000000E+00
  1.754872241618064654E+00  9.999999999999946709E-01  2.236681986312404166E-11  0.000000000000000000E+00  0.000000000000000000E+00  2.500000000250041099E-01  1.961625949719421142E-11  2.500000000053878568E-01  0.000000000000000000E+00
  1.768847502326952537E+00  9.999999999999946709E-01  2.236681986312404166E-11  0.000000000000000000E+00  0.000000000000000000E+00  2.500000000250041099E-01  1.957840841131472962E-11  2.500000000054256599E-01  0.000000000000000000E+00
  1.782822761608068740E+00  9.999999999999946709E-01  2.236681986142997577E-11  0.000000000000000000E+00  0.000000000000000000E+00  2.500000000250041099E-01  1.954063036526615287E-11  2.500000000054635185E-01  0.000000000000000000E+00
  1.796798022633304681E+00  9.999999999999944489E-01  2.236681986312404166E-11  0.000000000000000000E+00  0.000000000000000000E+00  2.500000000250041099E-01  1.950292520938587547E-11  2.500000000055011551E-01  0.000000000000000000E+00
  1.810773282234286130E+00  9.999999999999945599E-01  2.236681986270052519E-11  0.000000000000000000E+00  0.000000000000000000E+00  2.500000000250041099E-01  1.946529281207903591E-11  2.500000000055387916E-01  0.000000000000000000E+00
  1.824748543575178683E+00  9.999999999999946709E-01  2.236681986354755814E-11  0.000000000000000000E+00  0.000000000000000000E+00  2.500000000250041099E-01  1.942773302490765000E-11  2.500000000055763727E-01  0.000000000000000000E+00
  1.838723803495318831E+00  9.999999999999946709E-01  2.236681986566514051E-11  0.000000000000000000E+00  0.000000000000000000E+00  2.500000000250041099E-01  1.939024571664363975E-11  2.500000000056138982E-01  0.000000000000000000E+00
  1.852699065151205859E+00  9.999999999999944489E-01  2.236681986545338227E-11  0.000000000000000000E+00  0.000000000000000000E+00  2.500000000250041654E-01  1.935283073913653409E-11  2.500000000056513683E-01  0.000000000000000000E+00
  1.866674325389879430E+00  9.999999999999941158E-01  2.236681986587689874E-11  0.000000000000000000E+00  0.000000000000000000E+00  2.500000000250041099E-01  1.931548796125362315E-11  2.500000000056886162E-01  0.000000000000000000E+00
  1.880649587360187835E+00  9.999999999999942268E-01  2.236681986661805257E-11  0.000000000000000000E+00  0.000000000000000000E+00  2.500000000250041099E-01  1.927821723498373500E-11  2.500000000057259197E-01  0.000000000000000000E+00
  1.894624847916854149E+00  9.999999999999940048E-01  2.236681986688275037E-11  0.000000000000000000E+00  0.000000000000000000E+00  2.500000000250041099E-01  1.924101842955413842E-11  2.500000000057631122E-01  0.000000000000000000E+00
  1.908600110201060573E+00  9.999999999999942268E-01  2.236681986672393169E-11  0.000000000000000000E+00  0.000000000000000000E+00  2.500000000250041099E-01  1.920389139761243007E-11  2.500000000058002492E-01  0.000000000000000000E+00
  1.922575371075190054E+00  9.999999999999940048E-01  2.236681986513574491E-11  0.000000000000000000E+00  0.000000000000000000E+00  2.500000000250041099E-01  1.916683600923077913E-11  2.500000000058372751E-01  0.000000000000000000E+00
  1.936550633672758481E+00  9.999999999999937828E-01  2.236681986545338227E-11  0.000000000000000000E+00  0.000000000000000000E+00  2.500000000250041099E-01  1.912985211787736154E-11  2.500000000058743010E-01  0.000000000000000000E+00
  1.950525894863798460E+00  9.999999999999937828E-01  2.236681986524162403E-11  0.000000000000000000E+00  0.000000000000000000E+00  2.500000000250041099E-01  1.909293959395851777E-11  2.500000000059111605E-01  0.000000000000000000E+00
  1.964501157774178219E+00  9.999999999999935607E-01  2.236681986439459108E-11  0.000000000000000000E+00  0.000000000000000000E+00  2.500000000250041099E-01  1.905609829132125634E-11  2.500000000059480199E-01  0.000000000000000000E+00
  1.978476419281570031E+00  9.999999999999935607E-01  2.236681986481810756E-11  0.000000000000000000E+00  0.000000000000000000E+00  2.500000000250041099E-01  1.901932808047323763E-11  2.500000000059847682E-01  0.000000000000000000E+00
  1.992451682503925570E+00  9.999999999999934497E-01  2.236681986397107461E-11  0.000000000000000000E+00  0.000000000000000000E+00  2.500000000250041099E-01  1.898262881556925890E-11  2.500000000060214056E-01  0.000000000000000000E+00
  2.006426944327070139E+00  9.999999999999933387E-01  2.236681986397107461E-11  0.000000000000000000E+00  0.000000000000000000E+00  2.500000000250039989E-01  1.894600036776853391E-11  2.500000000060579874E-01  0.000000000000000000E+00
  2.020402207860662269E+00  9.999999999999931166E-01  2.236681986397107461E-11  0.000000000000000000E+00  0.000000000000000000E+00  2.500000000250039989E-01  1.890944259220939058E-11  2.500000000060945138E-01  0.000000000000000000E+00
  2.034377469998889687E+00  9.999999999999925615E-01  2.236681986439459108E-11  0.000000000000000000E+00  0.000000000000000000E+00  2.500000000250039989E-01  1.887295536112502684E-11  2.500000000061310401E-01  0.000000000000000000E+00
  2.048352733843041840E+00  9.999999999999924505E-01  2.236681986481810756E-11  0.000000000000000000E+00  0.000000000000000000E+00  2.500000000250039989E-01  1.883653853080281496E-11  2.500000000061675109E-01  0.000000000000000000E+00
  2.062327996295657773E+00  9.999999999999924505E-01  2.236681986312404166E-11  0.000000000000000000E+00  0.000000000000000000E+00  2.500000000250039434E-01  1.880019197383812872E-11  2.500000000062037042E-01  0.000000000000000000E+00
  2.076303260449719357E+00  9.999999999999924505E-01  2.236681986270052519E-11  0.000000000000000000E+00  0.000000000000000000E+00  2.500000000250038878E-01  1.876391554664499273E-11  2.500000000062400085E-01  0.000000000000000000E+00
  2.090278523216108297E+00  9.999999999999926725E-01  2.236681986333579990E-11  0.000000000000000000E+00  0.000000000000000000E+00  2.500000000250038878E-01  1.872770912192813987E-11  2.500000000062761463E-01  0.000000000000000000E+00
  2.104253787679510879E+00  9.999999999999924505E-01  2.236681986471222844E-11  0.000000000000000000E+00  0.000000000000000000E+00  2.500000000250038323E-01  1.869157255641704783E-11  2.500000000063122840E-01  0.000000000000000000E+00
  2.118229050759128818E+00  9.999999999999926725E-01  2.236681986508280535E-11  0.000000000000000000E+00  0.000000000000000000E+00  2.500000000250037768E-01  1.865550572309828865E-11  2.500000000063483108E-01  0.000000000000000000E+00
  2.132204315531355920E+00  9.999999999999926725E-01  2.236681986423577241E-11  0.000000000000000000E+00  0.000000000000000000E+00  2.500000000250037768E-01  1.861950847931112078E-11  2.500000000063842265E-01  0.000000000000000000E+00
  2.146179578923690379E+00  9.999999999999924505E-01  2.236681986397107461E-11  0.000000000000000000E+00  0.000000000000000000E+00  2.500000000250037768E-01  1.858358069887654440E-11  2.500000000064201977E-01  0.000000000000000000E+00
  2.160154844004219754E+00  9.999999999999924505E-01  2.236681986270052519E-11  0.000000000000000000E+00  0.000000000000000000E+00  2.500000000250037213E-01  1.854772224001291385E-11  2.500000000064560024E-01  0.000000000000000000E+00
  2.174130107708731607E+00  9.999999999999926725E-01  2.236681986206525048E-11  0.000000000000000000E+00  0.000000000000000000E+00  2.500000000250037768E-01  1.851193297684100795E-11  2.500000000064918071E-01  0.000000000000000000E+00
  2.188105373097028128E+00  9.999999999999925615E-01  2.236681986227700872E-11  0.000000000000000000E+00  0.000000000000000000E+00  2.500000000250038323E-01  1.847621276793089114E-11  2.500000000065276118E-01  0.000000000000000000E+00
  2.202080637113162709E+00  9.999999999999924505E-01  2.236681986227700872E-11  0.000000000000000000E+00  0.000000000000000000E+00  2.500000000250037768E-01  1.844056148761696163E-11  2.500000000065632499E-01  0.000000000000000000E+00
  2.216055902808667710E+00  9.999999999999921174E-01  2.236681986270052519E-11  0.000000000000000000E+00  0.000000000000000000E+00  2.500000000250037768E-01  1.840497899465828816E-11  2.500000000065987771E-01  0.000000000000000000E+00
  2.230031167135829939E+00  9.999999999999918954E-01  2.236681986270052519E-11  0.000000000000000000E+00  0.000000000000000000E+00  2.500000000250037768E-01  1.836946516392085205E-11  2.500000000066343042E-01  0.000000000000000000E+00
  2.244006433137930134E+00  9.999999999999917843E-01  2.236681986270052519E-11  0.000000000000000000E+00  0.000000000000000000E+00  2.500000000250037213E-01  1.833401985500379504E-11  2.500000000066697203E-01  0.000000000000000000E+00
  2.257981697775461427E+00  9.999999999999917843E-01  2.236681986185349224E-11  0.000000000000000000E+00  0.000000000000000000E+00  2.500000000250037213E-01  1.829864294368185327E-11  2.500000000067050809E-01  0.000000000000000000E+00
  2.271956964083497343E+00  9.999999999999916733E-01  2.236681986270052519E-11  0.000000000000000000E+00  0.000000000000000000E+00  2.500000000250036658E-01  1.826333429045908793E-11  2.500000000067403305E-01  0.000000000000000000E+00
  2.285932229030717799E+00  9.999999999999913403E-01  2.236681986227700872E-11  0.000000000000000000E+00  0.000000000000000000E+00  2.500000000250037213E-01  1.822809377179469481E-11  2.500000000067756356E-01  0.000000000000000000E+00
  2.299907495644049060E+00  9.999999999999915623E-01  2.236681986079470106E-11  0.000000000000000000E+00  0.000000000000000000E+00  2.500000000250037213E-01  1.819292124860638031E-11  2.500000000068107742E-01  0.000000000000000000E+00
  2.313882760900347169E+00  9.999999999999913403E-01  2.236681986185349224E-11  0.000000000000000000E+00  0.000000000000000000E+00  2.500000000250036658E-01  1.815781659748475532E-11  2.500000000068458572E-01  0.000000000000000000E+00
  2.327858027818407560E+00  9.999999999999911182E-01  2.236681986217112960E-11  0.000000000000000000E+00  0.000000000000000000E+00  2.500000000250035548E-01  1.812277967990067098E-11  2.500000000068808292E-01  0.000000000000000000E+00
  2.341833293383249082E+00  9.999999999999908962E-01  2.236681986296522299E-11  0.000000000000000000E+00  0.000000000000000000E+00  2.500000000250035548E-01  1.808781037268089501E-11  2.500000000069156902E-01  0.000000000000000000E+00
  2.355808560605150426E+00  9.999999999999907851E-01  2.236681986407695373E-11  0.000000000000000000E+00  0.000000000000000000E+00  2.500000000250035548E-01  1.805290853747894651E-11  2.500000000069506623E-01  0.000000000000000000E+00
  2.369783826478026878E+00  9.999999999999908962E-01  2.236681986227700872E-11  0.000000000000000000E+00  0.000000000000000000E+00  2.500000000250034438E-01  1.801807405181046986E-11  2.500000000069854122E-01  0.000000000000000000E+00
  2.383759094003253143E+00  9.999999999999904521E-01  2.236681986100645930E-11  0.000000000000000000E+00  0.000000000000000000E+00  2.500000000250034438E-01  1.798330677828182837E-11  2.500000000070201622E-01  0.000000000000000000E+00
  2.397734360183641389E+00  9.999999999999904521E-01  2.236681986206525048E-11  0.000000000000000000E+00  0.000000000000000000E+00  2.500000000250034993E-01  1.794860659477818353E-11  2.500000000070548567E-01  0.000000000000000000E+00
  2.411709628011671214E+00  9.999999999999904521E-01  2.236681986142997577E-11  0.000000000000000000E+00  0.000000000000000000E+00  2.500000000250034438E-01  1.791397336412509827E-11  2.500000000070894401E-01  0.000000000000000000E+00
  2.425684894499021915E+00  9.999999999999904521E-01  2.236681986142997577E-11  0.000000000000000000E+00  0.000000000000000000E+00  2.500000000250034993E-01  1.787940696438671528E-11  2.500000000071240791E-01  0.000000000000000000E+00
  2.439660162629301965E+00  9.999999999999904521E-01  2.236681986185349224E-11  0.000000000000000000E+00  0.000000000000000000E+00  2.500000000250034438E-01  1.784490725885516614E-11  2.500000000071586070E-01  0.000000000000000000E+00
  2.453635429423026704E+00  9.999999999999904521E-01  2.236681986227700872E-11  0.000000000000000000E+00  0.000000000000000000E+00  2.500000000250035548E-01  1.781047412609325741E-11  2.500000000071930795E-01  0.000000000000000000E+00
  2.467610697854955237E+00  9.999999999999904521E-01  2.236681986312404166E-11  0.000000000000000000E+00  0.000000000000000000E+00  2.500000000250034993E-01  1.777610743014807163E-11  2.500000000072273854E-01  0.000000000000000000E+00
  2.481585964954404311E+00  9.999999999999904521E-01  2.236681986270052519E-11  0.000000000000000000E+00  0.000000000000000000E+00  2.500000000250034993E-01  1.774180705044473178E-11  2.500000000072616912E-01  0.000000000000000000E+00
  2.495561233687332070E+00  9.999999999999904521E-01  2.236681986100645930E-11  0.000000000000000000E+00  0.000000000000000000E+00  2.500000000250034438E-01  1.770757285203158373E-11  2.500000000072959416E-01  0.000000000000000000E+00
  2.509536501091837568E+00  9.999999999999905631E-01  2.236681986142997577E-11  0.000000000000000000E+00  0.000000000000000000E+00  2.500000000250034993E-01  1.767340471474317578E-11  2.500000000073301365E-01  0.000000000000000000E+00
  2.523511770125136167E+00  9.999999999999906741E-01  2.236681985952415164E-11  0.000000000000000000E+00  0.000000000000000000E+00  2.500000000250034438E-01  1.763930250400472506E-11  2.500000000073641648E-01  0.000000000000000000E+00
  2.537487037834094128E+00  9.999999999999906741E-01  2.236681986058294282E-11  0.000000000000000000E+00  0.000000000000000000E+00  2.500000000250034438E-01  1.760526609995041636E-11  2.500000000073981932E-01  0.000000000000000000E+00
  2.551462307167202681E+00  9.999999999999904521E-01  2.236681986153585489E-11  0.000000000000000000E+00  0.000000000000000000E+00  2.500000000250034438E-01  1.757129536819747608E-11  2.500000000074321660E-01  0.000000000000000000E+00
  2.565437575180083751E+00  9.999999999999904521E-01  2.236681986100645930E-11  0.000000000000000000E+00  0.000000000000000000E+00  2.500000000250035548E-01  1.753739018919306056E-11  2.500000000074660833E-01  0.000000000000000000E+00
  2.579412844812497330E+00  9.999999999999900080E-01  2.236681986074176150E-11  0.000000000000000000E+00  0.000000000000000000E+00  2.500000000250034438E-01  1.750355042930983507E-11  2.500000000074999451E-01  0.000000000000000000E+00
  2.593388113128800132E+00  9.999999999999897859E-01  2.236681986026530547E-11  0.000000000000000000E+00  0.000000000000000000E+00  2.500000000250034993E-01  1.746977596950006601E-11  2.500000000075336959E-01  0.000000000000000000E+00
  2.607363383060025797E+00  9.999999999999898970E-01  2.236681986079470106E-11  0.000000000000000000E+00  0.000000000000000000E+00  2.500000000250034993E-01  1.743606667659838935E-11  2.500000000075674467E-01  0.000000000000000000E+00
  2.621338651679242737E+00  9.999999999999896749E-01  2.236681986248876695E-11  0.000000000000000000E+00  0.000000000000000000E+00  2.500000000250034993E-01  1.740242243194738441E-11  2.500000000076010864E-01  0.000000000000000000E+00
  2.635313921908764456E+00  9.999999999999893419E-01  2.236681986185349224E-11  0.000000000000000000E+00  0.000000000000000000E+00  2.500000000250034438E-01  1.736884310281830926E-11  2.500000000076346707E-01  0.000000000000000000E+00
  2.649289190830351970E+00  9.999999999999893419E-01  2.236681986227700872E-11  0.000000000000000000E+00  0.000000000000000000E+00  2.500000000250035548E-01  1.733532857093826914E-11  2.500000000076681994E-01  0.000000000000000000E+00
  2.663264461357625734E+00  9.999999999999888978E-01  2.236681986142997577E-11  0.000000000000000000E+00  0.000000000000000000E+00  2.500000000250034993E-01  1.730187870388692800E-11  2.500000000077016726E-01  0.000000000000000000E+00
  2.677239730580999844E+00  9.999999999999888978E-01  2.236681986100645930E-11  0.000000000000000000E+00  0.000000000000000000E+00  2.500000000250034993E-01  1.726849338364985593E-11  2.500000000077350348E-01  0.000000000000000000E+00
  2.691215001405323992E+00  9.999999999999888978E-01  2.236681986312404166E-11  0.000000000000000000E+00  0.000000000000000000E+00  2.500000000250034438E-01  1.723517247875566430E-11  2.500000000077682305E-01  0.000000000000000000E+00
  2.705190270929841212E+00  9.999999999999885647E-01  2.236681986227700872E-11  0.000000000000000000E+00  0.000000000000000000E+00  2.500000000250034438E-01  1.720191587197734746E-11  2.500000000078015372E-01  0.000000000000000000E+00
  2.719165542050309803E+00  9.999999999999886757E-01  2.236681986397107461E-11  0.000000000000000000E+00  0.000000000000000000E+00  2.500000000250034438E-01  1.716872343255570635E-11  2.500000000078346774E-01  0.000000000000000000E+00
  2.733140811875319542E+00  9.999999999999885647E-01  2.236681986481810756E-11  0.000000000000000000E+00  0.000000000000000000E+00  2.500000000250034438E-01  1.713559504392540548E-11  2.500000000078678730E-01  0.000000000000000000E+00
  2.747116083291311295E+00  9.999999999999886757E-01  2.236681986460634932E-11  0.000000000000000000E+00  0.000000000000000000E+00  2.500000000250034993E-01  1.710253057577057585E-11  2.500000000079010132E-01  0.000000000000000000E+00
  2.761091353416214478E+00  9.999999999999886757E-01  2.236681986545338227E-11  0.000000000000000000E+00  0.000000000000000000E+00  2.500000000250034993E-01  1.706952991175080077E-11  2.500000000079339868E-01  0.000000000000000000E+00
  2.775066625127177833E+00  9.999999999999884537E-01  2.236681986566514051E-11  0.000000000000000000E+00  0.000000000000000000E+00  2.500000000250035548E-01  1.703659292177606708E-11  2.500000000079669604E-01  0.000000000000000000E+00
  2.789041895551450434E+00  9.999999999999884537E-01  2.236681986661805257E-11  0.000000000000000000E+00  0.000000000000000000E+00  2.500000000250034438E-01  1.700371948964856274E-11  2.500000000079997675E-01  0.000000000000000000E+00
  2.803017167556888900E+00  9.999999999999884537E-01  2.236681986693568993E-11  0.000000000000000000E+00  0.000000000000000000E+00  2.500000000250034438E-01  1.697090948599521724E-11  2.500000000080325746E-01  0.000000000000000000E+00
  2.816992438280041977E+00  9.999999999999882316E-01  2.236681986799448111E-11  0.000000000000000000E+00  0.000000000000000000E+00  2.500000000250034438E-01  1.693816279508657402E-11  2.500000000080652707E-01  0.000000000000000000E+00
  2.830967710579470609E+00  9.999999999999878986E-01  2.236681986757096464E-11  0.000000000000000000E+00  0.000000000000000000E+00  2.500000000250034438E-01  1.690547928794981457E-11  2.500000000080979667E-01  0.000000000000000000E+00
  2.844942981601001009E+00  9.999999999999875655E-01  2.236681986884151406E-11  0.000000000000000000E+00  0.000000000000000000E+00  2.500000000250034438E-01  1.687285884944523626E-11  2.500000000081306628E-01  0.000000000000000000E+00
  2.858918254193917541E+00  9.999999999999873435E-01  2.236681987032382172E-11  0.000000000000000000E+00  0.000000000000000000E+00  2.500000000250034438E-01  1.684030135101943348E-11  2.500000000081631368E-01  0.000000000000000000E+00
  2.872893525513294577E+00  9.999999999999873435E-01  2.236681987032382172E-11  0.000000000000000000E+00  0.000000000000000000E+00  2.500000000250034438E-01  1.680780667786303946E-11  2.500000000081956664E-01  0.000000000000000000E+00
  2.886868798399162994E+00  9.999999999999873435E-01  2.236681987201788761E-11  0.000000000000000000E+00  0.000000000000000000E+00  2.500000000250034438E-01  1.677537470200153608E-11  2.500000000082280849E-01  0.000000000000000000E+00
  2.900844070015806686E+00  9.999999999999875655E-01  2.236681987286492056E-11  0.000000000000000000E+00  0.000000000000000000E+00  2.500000000250034993E-01  1.674300530904019701E-11  2.500000000082605034E-01  0.000000000000000000E+00
  2.914819343194037682E+00  9.999999999999871214E-01  2.236681987286492056E-11  0.000000000000000000E+00  0.000000000000000000E+00  2.500000000250035548E-01  1.671069837158099408E-11  2.500000000082928664E-01  0.000000000000000000E+00
  2.928794615107316535E+00  9.999999999999872324E-01  2.236681987413546998E-11  0.000000000000000000E+00  0.000000000000000000E+00  2.500000000250036658E-01  1.667845377579911871E-11  2.500000000083251739E-01  0.000000000000000000E+00
  2.942769888577287940E+00  9.999999999999868994E-01  2.236681987201788761E-11  0.000000000000000000E+00  0.000000000000000000E+00  2.500000000250035548E-01  1.664627139487060608E-11  2.500000000083573148E-01  0.000000000000000000E+00
  2.956745160786556692E+00  9.999999999999866773E-01  2.236681987286492056E-11  0.000000000000000000E+00  0.000000000000000000E+00  2.500000000250036103E-01  1.661415111541799076E-11  2.500000000083894003E-01  0.000000000000000000E+00
  2.970720434547652999E+00  9.999999999999866773E-01  2.236681987350019527E-11  0.000000000000000000E+00  0.000000000000000000E+00  2.500000000250034993E-01  1.658209281131185530E-11  2.500000000084214302E-01  0.000000000000000000E+00
  2.984695707052323232E+00  9.999999999999865663E-01  2.236681987413546998E-11  0.000000000000000000E+00  0.000000000000000000E+00  2.500000000250035548E-01  1.655009636947775380E-11  2.500000000084534602E-01  0.000000000000000000E+00
  2.998670981103999988E+00  9.999999999999864553E-01  2.236681987540601940E-11  0.000000000000000000E+00  0.000000000000000000E+00  2.500000000250034438E-01  1.651816166397058790E-11  2.500000000084852680E-01  0.000000000000000000E+00
  3.012646253903550786E+00  9.999999999999863443E-01  2.236681987577659631E-11  0.000000000000000000E+00  0.000000000000000000E+00  2.500000000250034438E-01  1.648628858212787351E-11  2.500000000085171314E-01  0.000000000000000000E+00
  3.026621528245317272E+00  9.999999999999862332E-01  2.236681987691479684E-11  0.000000000000000000E+00  0.000000000000000000E+00  2.500000000250033882E-01  1.645447699849883992E-11  2.500000000085489393E-01  0.000000000000000000E+00
  3.040596801339269017E+00  9.999999999999857891E-01  2.236681987720596441E-11  0.000000000000000000E+00  0.000000000000000000E+00  2.500000000250033327E-01  1.642272680082883216E-11  2.500000000085806362E-01  0.000000000000000000E+00
  3.054572075970438227E+00  9.999999999999856781E-01  2.236681987794711824E-11  0.000000000000000000E+00  0.000000000000000000E+00  2.500000000250033327E-01  1.639103786419201286E-11  2.500000000086122220E-01  0.000000000000000000E+00
  3.068547349358302423E+00  9.999999999999855671E-01  2.236681987815887648E-11  0.000000000000000000E+00  0.000000000000000000E+00  2.500000000250032217E-01  1.635941007691592004E-11  2.500000000086438634E-01  0.000000000000000000E+00
  3.082522624278229095E+00  9.999999999999854561E-01  2.236681987879415119E-11  0.000000000000000000E+00  0.000000000000000000E+00  2.500000000250032217E-01  1.632784331453145897E-11  2.500000000086753382E-01  0.000000000000000000E+00
  3.096497897959476830E+00  9.999999999999856781E-01  2.236681987879415119E-11  0.000000000000000000E+00  0.000000000000000000E+00  2.500000000250032217E-01  1.629633746566176194E-11  2.500000000087068130E-01  0.000000000000000000E+00
  3.110473173167632499E+00  9.999999999999853451E-01  2.236681987794711824E-11  0.000000000000000000E+00  0.000000000000000000E+00  2.500000000250031107E-01  1.626489240638364112E-11  2.500000000087382324E-01  0.000000000000000000E+00
  3.124448447141694896E+00  9.999999999999849010E-01  2.236681988048821708E-11  0.000000000000000000E+00  0.000000000000000000E+00  2.500000000250031107E-01  1.623350802570730731E-11  2.500000000087696517E-01  0.000000000000000000E+00
  3.138423722637500468E+00  9.999999999999845679E-01  2.236681988006470061E-11  0.000000000000000000E+00  0.000000000000000000E+00  2.500000000250031662E-01  1.620218420010174032E-11  2.500000000088009600E-01  0.000000000000000000E+00
  3.152398996903750916E+00  9.999999999999844569E-01  2.236681988006470061E-11  0.000000000000000000E+00  0.000000000000000000E+00  2.500000000250031107E-01  1.617092081905078294E-11  2.500000000088322127E-01  0.000000000000000000E+00
  3.166374272686593105E+00  9.999999999999844569E-01  2.236681988260579945E-11  0.000000000000000000E+00  0.000000000000000000E+00  2.500000000250031662E-01  1.613971775986258645E-11  2.500000000088634100E-01  0.000000000000000000E+00
  3.180349547244399666E+00  9.999999999999844569E-01  2.236681988302931592E-11  0.000000000000000000E+00  0.000000000000000000E+00  2.500000000250031107E-01  1.610857491238196106E-11  2.500000000088945518E-01  0.000000000000000000E+00
  3.194324823313673178E+00  9.999999999999841238E-01  2.236681988197052474E-11  0.000000000000000000E+00  0.000000000000000000E+00  2.500000000250030552E-01  1.607749215437876702E-11  2.500000000089255270E-01  0.000000000000000000E+00
  3.208300098162452763E+00  9.999999999999842348E-01  2.236681988260579945E-11  0.000000000000000000E+00  0.000000000000000000E+00  2.500000000250030552E-01  1.604646937603108106E-11  2.500000000089565022E-01  0.000000000000000000E+00
  3.222275374517620694E+00  9.999999999999837907E-01  2.236681988334695328E-11  0.000000000000000000E+00  0.000000000000000000E+00  2.500000000250029997E-01  1.601550645542379970E-11  2.500000000089874774E-01  0.000000000000000000E+00
  3.236250649656859046E+00  9.999999999999835687E-01  2.236681988239404121E-11  0.000000000000000000E+00  0.000000000000000000E+00  2.500000000250030552E-01  1.598460328316453259E-11  2.500000000090184527E-01  0.000000000000000000E+00
  3.250225926297436896E+00  9.999999999999835687E-01  2.236681988313519504E-11  0.000000000000000000E+00  0.000000000000000000E+00  2.500000000250029442E-01  1.595375973774066424E-11  2.500000000090492058E-01  0.000000000000000000E+00
  3.264201201726665058E+00  9.999999999999833467E-01  2.236681988292343681E-11  0.000000000000000000E+00  0.000000000000000000E+00  2.500000000250029997E-01  1.592297571015935192E-11  2.500000000090799590E-01  0.000000000000000000E+00
  3.278176478652191417E+00  9.999999999999834577E-01  2.236681988069997532E-11  0.000000000000000000E+00  0.000000000000000000E+00  2.500000000250028886E-01  1.589225107953391676E-11  2.500000000091106012E-01  0.000000000000000000E+00
  3.292151754370924444E+00  9.999999999999831246E-01  2.236681988112349179E-11  0.000000000000000000E+00  0.000000000000000000E+00  2.500000000250028331E-01  1.586158573730519132E-11  2.500000000091412433E-01  0.000000000000000000E+00
  3.306127031580915254E+00  9.999999999999831246E-01  2.236681988091173356E-11  0.000000000000000000E+00  0.000000000000000000E+00  2.500000000250027776E-01  1.583097956304585339E-11  2.500000000091717745E-01  0.000000000000000000E+00
  3.320102307588638446E+00  9.999999999999830136E-01  2.236681988175876650E-11  0.000000000000000000E+00  0.000000000000000000E+00  2.500000000250027221E-01  1.580043244855520845E-11  2.500000000092022501E-01  0.000000000000000000E+00
  3.334077585082573680E+00  9.999999999999829026E-01  2.236681988175876650E-11  0.000000000000000000E+00  0.000000000000000000E+00  2.500000000250026666E-01  1.576994427389267839E-11  2.500000000092327257E-01  0.000000000000000000E+00
  3.348052861378723044E+00  9.999999999999827915E-01  2.236681988218228298E-11  0.000000000000000000E+00  0.000000000000000000E+00  2.500000000250026666E-01  1.573951493117027529E-11  2.500000000092631458E-01  0.000000000000000000E+00
  3.362028139156028050E+00  9.999999999999827915E-01  2.236681988175876650E-11  0.000000000000000000E+00  0.000000000000000000E+00  2.500000000250026111E-01  1.570914430103344293E-11  2.500000000092934549E-01  0.000000000000000000E+00
  3.376003415739982749E+00  9.999999999999829026E-01  2.236681988260579945E-11  0.000000000000000000E+00  0.000000000000000000E+00  2.500000000250025556E-01  1.567883227609507389E-11  2.500000000093237085E-01  0.000000000000000000E+00
  3.389978693800054010E+00  9.999999999999829026E-01  2.236681988175876650E-11  0.000000000000000000E+00  0.000000000000000000E+00  2.500000000250025556E-01  1.564857873755762762E-11  2.500000000093539065E-01  0.000000000000000000E+00
  3.403953970671192319E+00  9.999999999999827915E-01  2.236681988218228298E-11  0.000000000000000000E+00  0.000000000000000000E+00  2.500000000250025556E-01  1.561838357846245039E-11  2.500000000093841601E-01  0.000000000000000000E+00
  3.417929249013125670E+00  9.999999999999826805E-01  2.236681988218228298E-11  0.000000000000000000E+00  0.000000000000000000E+00  2.500000000250025556E-01  1.558824668037705975E-11  2.500000000094143027E-01  0.000000000000000000E+00
  3.431904526170873826E+00  9.999999999999825695E-01  2.236681988154700827E-11  0.000000000000000000E+00  0.000000000000000000E+00  2.500000000250026111E-01  1.555816793662720990E-11  2.500000000094444452E-01  0.000000000000000000E+00
  3.445879804794089285E+00  9.999999999999826805E-01  2.236681988080585444E-11  0.000000000000000000E+00  0.000000000000000000E+00  2.500000000250025556E-01  1.552814722926917874E-11  2.500000000094743657E-01  0.000000000000000000E+00
  3.459855082237940138E+00  9.999999999999824585E-01  2.236681988107055223E-11  0.000000000000000000E+00  0.000000000000000000E+00  2.500000000250026111E-01  1.549818445195657482E-11  2.500000000095043973E-01  0.000000000000000000E+00
  3.473830361141962086E+00  9.999999999999824585E-01  2.236681988093820334E-11  0.000000000000000000E+00  0.000000000000000000E+00  2.500000000250026666E-01  1.546827948716304033E-11  2.500000000095343733E-01  0.000000000000000000E+00
  3.487805638871452008E+00  9.999999999999820144E-01  2.236681988228816210E-11  0.000000000000000000E+00  0.000000000000000000E+00  2.500000000250026666E-01  1.543843222900079732E-11  2.500000000095642383E-01  0.000000000000000000E+00
  3.501780918055827918E+00  9.999999999999820144E-01  2.236681988239404121E-11  0.000000000000000000E+00  0.000000000000000000E+00  2.500000000250026666E-01  1.540864256035157883E-11  2.500000000095940478E-01  0.000000000000000000E+00
  3.515756196070484396E+00  9.999999999999820144E-01  2.236681988281755769E-11  0.000000000000000000E+00  0.000000000000000000E+00  2.500000000250026111E-01  1.537891037582754065E-11  2.500000000096236907E-01  0.000000000000000000E+00
  3.529731475534743090E+00  9.999999999999822364E-01  2.236681988091173356E-11  0.000000000000000000E+00  0.000000000000000000E+00  2.500000000250025556E-01  1.534923555889824720E-11  2.500000000096533337E-01  0.000000000000000000E+00
  3.543706753834057643E+00  9.999999999999819034E-01  2.236681988133525003E-11  0.000000000000000000E+00  0.000000000000000000E+00  2.500000000250025556E-01  1.531961800444841352E-11  2.500000000096829211E-01  0.000000000000000000E+00
  3.557682033577684866E+00  9.999999999999820144E-01  2.236681988175876650E-11  0.000000000000000000E+00  0.000000000000000000E+00  2.500000000250025001E-01  1.529005759632716360E-11  2.500000000097124531E-01  0.000000000000000000E+00
  3.571657312161098830E+00  9.999999999999815703E-01  2.236681988091173356E-11  0.000000000000000000E+00  0.000000000000000000E+00  2.500000000250025556E-01  1.526055422974247854E-11  2.500000000097419850E-01  0.000000000000000000E+00
  3.585632592183533696E+00  9.999999999999816813E-01  2.236681987879415119E-11  0.000000000000000000E+00  0.000000000000000000E+00  2.500000000250025556E-01  1.523110778916466912E-11  2.500000000097714614E-01  0.000000000000000000E+00
  3.599607871050435559E+00  9.999999999999816813E-01  2.236681988006470061E-11  0.000000000000000000E+00  0.000000000000000000E+00  2.500000000250025556E-01  1.520171817037287820E-11  2.500000000098008268E-01  0.000000000000000000E+00
  3.613583151351082545E+00  9.999999999999817923E-01  2.236681988006470061E-11  0.000000000000000000E+00  0.000000000000000000E+00  2.500000000250025556E-01  1.517238525831144599E-11  2.500000000098301367E-01  0.000000000000000000E+00
  3.627558430500859021E+00  9.999999999999813483E-01  2.236681988133525003E-11  0.000000000000000000E+00  0.000000000000000000E+00  2.500000000250025001E-01  1.514310894913296476E-11  2.500000000098593911E-01  0.000000000000000000E+00
  3.641533711079131930E+00  9.999999999999812372E-01  2.236681988112349179E-11  0.000000000000000000E+00  0.000000000000000000E+00  2.500000000250025556E-01  1.511388912832389790E-11  2.500000000098886455E-01  0.000000000000000000E+00
  3.655508990511216361E+00  9.999999999999807931E-01  2.236681988027645885E-11  0.000000000000000000E+00  0.000000000000000000E+00  2.500000000250025556E-01  1.508472569227520464E-11  2.500000000099178443E-01  0.000000000000000000E+00
  3.669484271366591166E+00  9.999999999999806821E-01  2.236681988112349179E-11  0.000000000000000000E+00  0.000000000000000000E+00  2.500000000250025556E-01  1.505561852676099722E-11  2.500000000099469322E-01  0.000000000000000000E+00
  3.683459551080484395E+00  9.999999999999805711E-01  2.236681988032939840E-11  0.000000000000000000E+00  0.000000000000000000E+00  2.500000000250025001E-01  1.502656752845299483E-11  2.500000000099759090E-01  0.000000000000000000E+00
  3.697434832212490807E+00  9.999999999999804601E-01  2.236681988027645885E-11  0.000000000000000000E+00  0.000000000000000000E+00  2.500000000250023890E-01  1.499757258344307306E-11  2.500000000100047748E-01  0.000000000000000000E+00
  3.711410112207737200E+00  9.999999999999804601E-01  2.236681987932354678E-11  0.000000000000000000E+00  0.000000000000000000E+00  2.500000000250023890E-01  1.496863358870758298E-11  2.500000000100337516E-01  0.000000000000000000E+00
  3.725385393615927576E+00  9.999999999999800160E-01  2.236681987942942590E-11  0.000000000000000000E+00  0.000000000000000000E+00  2.500000000250023335E-01  1.493975043099659039E-11  2.500000000100626174E-01  0.000000000000000000E+00
  3.739360673892063502E+00  9.999999999999799050E-01  2.236681987921766766E-11  0.000000000000000000E+00  0.000000000000000000E+00  2.500000000250023335E-01  1.491092300787599996E-11  2.500000000100913722E-01  0.000000000000000000E+00
  3.753335955575916927E+00  9.999999999999797939E-01  2.236681988048821708E-11  0.000000000000000000E+00  0.000000000000000000E+00  2.500000000250023890E-01  1.488215120656630090E-11  2.500000000101202380E-01  0.000000000000000000E+00
  3.767311236132441898E+00  9.999999999999792388E-01  2.236681987964118414E-11  0.000000000000000000E+00  0.000000000000000000E+00  2.500000000250022780E-01  1.485343492502996315E-11  2.500000000101488817E-01  0.000000000000000000E+00
  3.781286518091164339E+00  9.999999999999793499E-01  2.236681987921766766E-11  0.000000000000000000E+00  0.000000000000000000E+00  2.500000000250022225E-01  1.482477405103619393E-11  2.500000000101774700E-01  0.000000000000000000E+00
  3.795261798927525021E+00  9.999999999999791278E-01  2.236681987879415119E-11  0.000000000000000000E+00  0.000000000000000000E+00  2.500000000250022225E-01  1.479616848293239619E-11  2.500000000102060582E-01  0.000000000000000000E+00
  3.809237081160564475E+00  9.999999999999787947E-01  2.236681987879415119E-11  0.000000000000000000E+00  0.000000000000000000E+00  2.500000000250021670E-01  1.476761810872538802E-11  2.500000000102345910E-01  0.000000000000000000E+00
  3.823212362276157794E+00  9.999999999999786837E-01  2.236681987879415119E-11  0.000000000000000000E+00  0.000000000000000000E+00  2.500000000250021115E-01  1.473912282718105467E-11  2.500000000102630682E-01  0.000000000000000000E+00
  3.837187644782928508E+00  9.999999999999785727E-01  2.236681987837063471E-11  0.000000000000000000E+00  0.000000000000000000E+00  2.500000000250022225E-01  1.471068252683450477E-11  2.500000000102915454E-01  0.000000000000000000E+00
  3.851162926177152279E+00  9.999999999999782396E-01  2.236681987794711824E-11  0.000000000000000000E+00  0.000000000000000000E+00  2.500000000250021115E-01  1.468229710684295430E-11  2.500000000103198561E-01  0.000000000000000000E+00
  3.865138208957075605E+00  9.999999999999782396E-01  2.236681987752360177E-11  0.000000000000000000E+00  0.000000000000000000E+00  2.500000000250021115E-01  1.465396645627560886E-11  2.500000000103481668E-01  0.000000000000000000E+00
  3.879113490629368055E+00  9.999999999999781286E-01  2.236681987710008529E-11  0.000000000000000000E+00  0.000000000000000000E+00  2.500000000250021115E-01  1.462569047459125961E-11  2.500000000103764775E-01  0.000000000000000000E+00
  3.893088773681927961E+00  9.999999999999779066E-01  2.236681987773536000E-11  0.000000000000000000E+00  0.000000000000000000E+00  2.500000000250021115E-01  1.459746905116337567E-11  2.500000000104046216E-01  0.000000000000000000E+00
  3.907064055631798372E+00  9.999999999999775735E-01  2.236681987884709075E-11  0.000000000000000000E+00  0.000000000000000000E+00  2.500000000250021115E-01  1.456930208569354510E-11  2.500000000104328213E-01  0.000000000000000000E+00
  3.921039338956529896E+00  9.999999999999777955E-01  2.236681987903237920E-11  0.000000000000000000E+00  0.000000000000000000E+00  2.500000000250021670E-01  1.454118946786621654E-11  2.500000000104609654E-01  0.000000000000000000E+00
  3.935014621183528849E+00  9.999999999999775735E-01  2.236681987921766766E-11  0.000000000000000000E+00  0.000000000000000000E+00  2.500000000250021115E-01  1.451313109788698470E-11  2.500000000104889430E-01  0.000000000000000000E+00
  3.948989904779998117E+00  9.999999999999774625E-01  2.236681987752360177E-11  0.000000000000000000E+00  0.000000000000000000E+00  2.500000000250021115E-01  1.448512686614163266E-11  2.500000000105169762E-01  0.000000000000000000E+00
  3.962965187283672197E+00  9.999999999999773515E-01  2.236681987752360177E-11  0.000000000000000000E+00  0.000000000000000000E+00  2.500000000250021115E-01  1.445717667299054292E-11  2.500000000105448983E-01  0.000000000000000000E+00
  3.976940471151426237E+00  9.999999999999772404E-01  2.236681987582953587E-11  0.000000000000000000E+00  0.000000000000000000E+00  2.500000000250020005E-01  1.442928040923789847E-11  2.500000000105727094E-01  0.000000000000000000E+00
  3.990915753931281618E+00  9.999999999999772404E-01  2.236681987540601940E-11  0.000000000000000000E+00  0.000000000000000000E+00  2.500000000250020005E-01  1.440143797567657610E-11  2.500000000106005205E-01  0.000000000000000000E+00
  4.004891038069827935E+00  9.999999999999772404E-01  2.236681987455898645E-11  0.000000000000000000E+00  0.000000000000000000E+00  2.500000000250018894E-01  1.437364926344307054E-11  2.500000000106282760E-01  0.000000000000000000E+00
  4.018866321125315721E+00  9.999999999999770184E-01  2.236681987413546998E-11  0.000000000000000000E+00  0.000000000000000000E+00  2.500000000250018894E-01  1.434591417381760852E-11  2.500000000106559761E-01  0.000000000000000000E+00
  4.032841605534102314E+00  9.999999999999770184E-01  2.236681987498250293E-11  0.000000000000000000E+00  0.000000000000000000E+00  2.500000000250019450E-01  1.431823259834003870E-11  2.500000000106836762E-01  0.000000000000000000E+00
  4.046816888864630535E+00  9.999999999999769074E-01  2.236681987540601940E-11  0.000000000000000000E+00  0.000000000000000000E+00  2.500000000250018894E-01  1.429060443880353350E-11  2.500000000107112652E-01  0.000000000000000000E+00
  4.060792173543074313E+00  9.999999999999766853E-01  2.236681987540601940E-11  0.000000000000000000E+00  0.000000000000000000E+00  2.500000000250018894E-01  1.426302958741293341E-11  2.500000000107388543E-01  0.000000000000000000E+00
  4.074767457148045224E+00  9.999999999999766853E-01  2.236681987625305235E-11  0.000000000000000000E+00  0.000000000000000000E+00  2.500000000250018894E-01  1.423550794617106558E-11  2.500000000107663323E-01  0.000000000000000000E+00
  4.088742742095585747E+00  9.999999999999762412E-01  2.236681987646481058E-11  0.000000000000000000E+00  0.000000000000000000E+00  2.500000000250018339E-01  1.420803940779987633E-11  2.500000000107938103E-01  0.000000000000000000E+00
  4.102718025974447791E+00  9.999999999999762412E-01  2.236681987752360177E-11  0.000000000000000000E+00  0.000000000000000000E+00  2.500000000250018339E-01  1.418062387475691111E-11  2.500000000108212328E-01  0.000000000000000000E+00
  4.116693311190415372E+00  9.999999999999760192E-01  2.236681987805299736E-11  0.000000000000000000E+00  0.000000000000000000E+00  2.500000000250017784E-01  1.415326123997321200E-11  2.500000000108484888E-01  0.000000000000000000E+00
  4.130668595342688043E+00  9.999999999999762412E-01  2.236681987831769515E-11  0.000000000000000000E+00  0.000000000000000000E+00  2.500000000250017784E-01  1.412595140595743031E-11  2.500000000108758558E-01  0.000000000000000000E+00
  4.144643880826438753E+00  9.999999999999760192E-01  2.236681987834416493E-11  0.000000000000000000E+00  0.000000000000000000E+00  2.500000000250017784E-01  1.409869426604044007E-11  2.500000000109030562E-01  0.000000000000000000E+00
  4.158619165251679739E+00  9.999999999999759082E-01  2.236681987699420617E-11  0.000000000000000000E+00  0.000000000000000000E+00  2.500000000250017784E-01  1.407148972308451718E-11  2.500000000109303122E-01  0.000000000000000000E+00
  4.172594451002797911E+00  9.999999999999755751E-01  2.236681987710008529E-11  0.000000000000000000E+00  0.000000000000000000E+00  2.500000000250017784E-01  1.404433767088620603E-11  2.500000000109574572E-01  0.000000000000000000E+00
  4.186569735700560457E+00  9.999999999999753530E-01  2.236681987646481058E-11  0.000000000000000000E+00  0.000000000000000000E+00  2.500000000250018339E-01  1.401723801261410914E-11  2.500000000109846021E-01  0.000000000000000000E+00
  4.200545021718594008E+00  9.999999999999751310E-01  2.236681987773536000E-11  0.000000000000000000E+00  0.000000000000000000E+00  2.500000000250018894E-01  1.399019064258343093E-11  2.500000000110116360E-01  0.000000000000000000E+00
  4.214520306688389617E+00  9.999999999999750200E-01  2.236681987625305235E-11  0.000000000000000000E+00  0.000000000000000000E+00  2.500000000250018339E-01  1.396319546452676569E-11  2.500000000110386145E-01  0.000000000000000000E+00
  4.228495592972854489E+00  9.999999999999746869E-01  2.236681987794711824E-11  0.000000000000000000E+00  0.000000000000000000E+00  2.500000000250017784E-01  1.393625237315709155E-11  2.500000000110654819E-01  0.000000000000000000E+00
  4.242470878214143148E+00  9.999999999999746869E-01  2.236681987667656882E-11  0.000000000000000000E+00  0.000000000000000000E+00  2.500000000250017229E-01  1.390936127255985672E-11  2.500000000110923493E-01  0.000000000000000000E+00
  4.256446164764501994E+00  9.999999999999746869E-01  2.236681987625305235E-11  0.000000000000000000E+00  0.000000000000000000E+00  2.500000000250017784E-01  1.388252205796970595E-11  2.500000000111192167E-01  0.000000000000000000E+00
  4.270421450276699282E+00  9.999999999999744649E-01  2.236681987710008529E-11  0.000000000000000000E+00  0.000000000000000000E+00  2.500000000250017784E-01  1.385573463401895077E-11  2.500000000111460285E-01  0.000000000000000000E+00
  4.284396737092380114E+00  9.999999999999742428E-01  2.236681987710008529E-11  0.000000000000000000E+00  0.000000000000000000E+00  2.500000000250017229E-01  1.382899889628610396E-11  2.500000000111727294E-01  0.000000000000000000E+00
  4.298372022874898946E+00  9.999999999999744649E-01  2.236681987710008529E-11  0.000000000000000000E+00  0.000000000000000000E+00  2.500000000250016674E-01  1.380231474967661146E-11  2.500000000111993748E-01  0.000000000000000000E+00
  4.312347309955343100E+00  9.999999999999742428E-01  2.236681987646481058E-11  0.000000000000000000E+00  0.000000000000000000E+00  2.500000000250017229E-01  1.377568209009154769E-11  2.500000000112260201E-01  0.000000000000000000E+00
  4.326322596007635468E+00  9.999999999999742428E-01  2.236681987604129411E-11  0.000000000000000000E+00  0.000000000000000000E+00  2.500000000250017784E-01  1.374910082265215579E-11  2.500000000112526655E-01  0.000000000000000000E+00
  4.340297883352337571E+00  9.999999999999742428E-01  2.236681987530014028E-11  0.000000000000000000E+00  0.000000000000000000E+00  2.500000000250017784E-01  1.372257084373169140E-11  2.500000000112791998E-01  0.000000000000000000E+00
  4.354273169673931854E+00  9.999999999999742428E-01  2.236681987572365675E-11  0.000000000000000000E+00  0.000000000000000000E+00  2.500000000250017784E-01  1.369609205873494773E-11  2.500000000113056786E-01  0.000000000000000000E+00
  4.368248457282446040E+00  9.999999999999740208E-01  2.236681987612070345E-11  0.000000000000000000E+00  0.000000000000000000E+00  2.500000000250017784E-01  1.366966436429845810E-11  2.500000000113321019E-01  0.000000000000000000E+00
  4.382223743872900812E+00  9.999999999999740208E-01  2.236681987625305235E-11  0.000000000000000000E+00  0.000000000000000000E+00  2.500000000250018339E-01  1.364328766608881193E-11  2.500000000113585252E-01  0.000000000000000000E+00
  4.396199031744806085E+00  9.999999999999735767E-01  2.236681987455898645E-11  0.000000000000000000E+00  0.000000000000000000E+00  2.500000000250017784E-01  1.361696186136837899E-11  2.500000000113847820E-01  0.000000000000000000E+00
  4.410174318603687915E+00  9.999999999999731326E-01  2.236681987477074469E-11  0.000000000000000000E+00  0.000000000000000000E+00  2.500000000250017784E-01  1.359068685618347146E-11  2.500000000114110943E-01  0.000000000000000000E+00
  4.424149606738546403E+00  9.999999999999729106E-01  2.236681987434722821E-11  0.000000000000000000E+00  0.000000000000000000E+00  2.500000000250017784E-01  1.356446254815699353E-11  2.500000000114372956E-01  0.000000000000000000E+00
  4.438124893865379228E+00  9.999999999999725775E-01  2.236681987540601940E-11  0.000000000000000000E+00  0.000000000000000000E+00  2.500000000250017784E-01  1.353828884374187966E-11  2.500000000114634968E-01  0.000000000000000000E+00
  4.452100182262713091E+00  9.999999999999722444E-01  2.236681987455898645E-11  0.000000000000000000E+00  0.000000000000000000E+00  2.500000000250017784E-01  1.351216564119377550E-11  2.500000000114895871E-01  0.000000000000000000E+00
  4.466075469656958674E+00  9.999999999999721334E-01  2.236681987498250293E-11  0.000000000000000000E+00  0.000000000000000000E+00  2.500000000250017229E-01  1.348609284744202309E-11  2.500000000115156218E-01  0.000000000000000000E+00
  4.480050758315988979E+00  9.999999999999718003E-01  2.236681987625305235E-11  0.000000000000000000E+00  0.000000000000000000E+00  2.500000000250017229E-01  1.346007036096767480E-11  2.500000000115416565E-01  0.000000000000000000E+00
  4.494026045977072670E+00  9.999999999999718003E-01  2.236681987455898645E-11  0.000000000000000000E+00  0.000000000000000000E+00  2.500000000250017784E-01  1.343409808910732501E-11  2.500000000115676912E-01  0.000000000000000000E+00
  4.508001334897156376E+00  9.999999999999715783E-01  2.236681987413546998E-11  0.000000000000000000E+00  0.000000000000000000E+00  2.500000000250018339E-01  1.340817593076367010E-11  2.500000000115936150E-01  0.000000000000000000E+00
  4.521976622824494640E+00  9.999999999999716893E-01  2.236681987519426116E-11  0.000000000000000000E+00  0.000000000000000000E+00  2.500000000250018894E-01  1.338230379351535981E-11  2.500000000116195942E-01  0.000000000000000000E+00
  4.535951912005077524E+00  9.999999999999713562E-01  2.236681987519426116E-11  0.000000000000000000E+00  0.000000000000000000E+00  2.500000000250018339E-01  1.335648157646338121E-11  2.500000000116453513E-01  0.000000000000000000E+00
  4.549927200198138344E+00  9.999999999999712452E-01  2.236681987455898645E-11  0.000000000000000000E+00  0.000000000000000000E+00  2.500000000250018339E-01  1.333070918745371847E-11  2.500000000116712195E-01  0.000000000000000000E+00
  4.563902489638723914E+00  9.999999999999710232E-01  2.236681987402959086E-11  0.000000000000000000E+00  0.000000000000000000E+00  2.500000000250018339E-01  1.330498652609502946E-11  2.500000000116968657E-01  0.000000000000000000E+00
  4.577877778097033001E+00  9.999999999999711342E-01  2.236681987275904144E-11  0.000000000000000000E+00  0.000000000000000000E+00  2.500000000250018894E-01  1.327931350053222074E-11  2.500000000117225119E-01  0.000000000000000000E+00
  4.591853067797183385E+00  9.999999999999708011E-01  2.236681987278551122E-11  0.000000000000000000E+00  0.000000000000000000E+00  2.500000000250018894E-01  1.325369001073884508E-11  2.500000000117481580E-01  0.000000000000000000E+00
  4.605828356520312639E+00  9.999999999999704681E-01  2.236681987275904144E-11  0.000000000000000000E+00  0.000000000000000000E+00  2.500000000250018894E-01  1.322811596535345007E-11  2.500000000117737486E-01  0.000000000000000000E+00
  4.619803646479613946E+00  9.999999999999703570E-01  2.236681987222964585E-11  0.000000000000000000E+00  0.000000000000000000E+00  2.500000000250018894E-01  1.320259126487036330E-11  2.500000000117992838E-01  0.000000000000000000E+00
  4.633778935467133486E+00  9.999999999999703570E-01  2.236681987180612937E-11  0.000000000000000000E+00  0.000000000000000000E+00  2.500000000250019450E-01  1.317711581810383876E-11  2.500000000118248189E-01  0.000000000000000000E+00
  4.647754225685162055E+00  9.999999999999700240E-01  2.236681987286492056E-11  0.000000000000000000E+00  0.000000000000000000E+00  2.500000000250019450E-01  1.315168952601541085E-11  2.500000000118502430E-01  0.000000000000000000E+00
  4.661729514936603813E+00  9.999999999999700240E-01  2.236681987201788761E-11  0.000000000000000000E+00  0.000000000000000000E+00  2.500000000250018894E-01  1.312631229779622096E-11  2.500000000118756116E-01  0.000000000000000000E+00
  4.675704805412885356E+00  9.999999999999702460E-01  2.236681987371195350E-11  0.000000000000000000E+00  0.000000000000000000E+00  2.500000000250018894E-01  1.310098403482095919E-11  2.500000000119009247E-01  0.000000000000000000E+00
  4.689680094927727971E+00  9.999999999999699130E-01  2.236681987371195350E-11  0.000000000000000000E+00  0.000000000000000000E+00  2.500000000250018339E-01  1.307570464667224146E-11  2.500000000119261268E-01  0.000000000000000000E+00
  4.703655385661743793E+00  9.999999999999698019E-01  2.236681987328843703E-11  0.000000000000000000E+00  0.000000000000000000E+00  2.500000000250017784E-01  1.305047403497465529E-11  2.500000000119512733E-01  0.000000000000000000E+00
  4.717630675439405508E+00  9.999999999999693578E-01  2.236681987328843703E-11  0.000000000000000000E+00  0.000000000000000000E+00  2.500000000250016674E-01  1.302529210960057053E-11  2.500000000119764199E-01  0.000000000000000000E+00
  4.731605966430596943E+00  9.999999999999693578E-01  2.236681987286492056E-11  0.000000000000000000E+00  0.000000000000000000E+00  2.500000000250016674E-01  1.300015877269598767E-11  2.500000000120015109E-01  0.000000000000000000E+00
  4.745581256470511100E+00  9.999999999999691358E-01  2.236681987222964585E-11  0.000000000000000000E+00  0.000000000000000000E+00  2.500000000250016674E-01  1.297507393443117145E-11  2.500000000120265464E-01  0.000000000000000000E+00
  4.759556547718344355E+00  9.999999999999688027E-01  2.236681987244140408E-11  0.000000000000000000E+00  0.000000000000000000E+00  2.500000000250016674E-01  1.295003749744523025E-11  2.500000000120515820E-01  0.000000000000000000E+00
  4.773531838019979823E+00  9.999999999999686917E-01  2.236681987159437114E-11  0.000000000000000000E+00  0.000000000000000000E+00  2.500000000250016119E-01  1.292504937223497451E-11  2.500000000120765620E-01  0.000000000000000000E+00
  4.787507129523954852E+00  9.999999999999682476E-01  2.236681987148849202E-11  0.000000000000000000E+00  0.000000000000000000E+00  2.500000000250016674E-01  1.290010946156812625E-11  2.500000000121015420E-01  0.000000000000000000E+00
  4.801482420086849778E+00  9.999999999999682476E-01  2.236681987154143158E-11  0.000000000000000000E+00  0.000000000000000000E+00  2.500000000250016674E-01  1.287521767615396665E-11  2.500000000121264110E-01  0.000000000000000000E+00
  4.815457711846520716E+00  9.999999999999679146E-01  2.236681987045617061E-11  0.000000000000000000E+00  0.000000000000000000E+00  2.500000000250016674E-01  1.285037391937629764E-11  2.500000000121512245E-01  0.000000000000000000E+00
  4.829433002670251440E+00  9.999999999999678035E-01  2.236681987032382172E-11  0.000000000000000000E+00  0.000000000000000000E+00  2.500000000250015009E-01  1.282557810220536941E-11  2.500000000121759824E-01  0.000000000000000000E+00
  4.843408294684898863E+00  9.999999999999675815E-01  2.236681987074733819E-11  0.000000000000000000E+00  0.000000000000000000E+00  2.500000000250015009E-01  1.280083012840179699E-11  2.500000000122006849E-01  0.000000000000000000E+00
  4.857383585769046164E+00  9.999999999999673594E-01  2.236681987011206348E-11  0.000000000000000000E+00  0.000000000000000000E+00  2.500000000250014454E-01  1.277612990953923620E-11  2.500000000122253319E-01  0.000000000000000000E+00
  4.871358878038264173E+00  9.999999999999670264E-01  2.236681987011206348E-11  0.000000000000000000E+00  0.000000000000000000E+00  2.500000000250014454E-01  1.275147734971742996E-11  2.500000000122499233E-01  0.000000000000000000E+00
  4.885334169382366198E+00  9.999999999999669154E-01  2.236681987117085466E-11  0.000000000000000000E+00  0.000000000000000000E+00  2.500000000250014454E-01  1.272687236074934132E-11  2.500000000122746258E-01  0.000000000000000000E+00
  4.899309461905685836E+00  9.999999999999666933E-01  2.236681987117085466E-11  0.000000000000000000E+00  0.000000000000000000E+00  2.500000000250014454E-01  1.270231484714472015E-11  2.500000000122991617E-01  0.000000000000000000E+00
  4.913284753509223002E+00  9.999999999999664713E-01  2.236681987117085466E-11  0.000000000000000000E+00  0.000000000000000000E+00  2.500000000250014454E-01  1.267780472095170080E-11  2.500000000123236421E-01  0.000000000000000000E+00
  4.927260046286131789E+00  9.999999999999662492E-01  2.236681987201788761E-11  0.000000000000000000E+00  0.000000000000000000E+00  2.500000000250015009E-01  1.265334188692936025E-11  2.500000000123481225E-01  0.000000000000000000E+00
  4.941235338148539213E+00  9.999999999999664713E-01  2.236681987244140408E-11  0.000000000000000000E+00  0.000000000000000000E+00  2.500000000250015009E-01  1.262892625756452939E-11  2.500000000123726029E-01  0.000000000000000000E+00
  4.955210631178494474E+00  9.999999999999662492E-01  2.236681987286492056E-11  0.000000000000000000E+00  0.000000000000000000E+00  2.500000000250015564E-01  1.260455773813163486E-11  2.500000000123969723E-01  0.000000000000000000E+00
  4.969185923299207275E+00  9.999999999999662492E-01  2.236681987455898645E-11  0.000000000000000000E+00  0.000000000000000000E+00  2.500000000250016119E-01  1.258023624146130128E-11  2.500000000124213972E-01  0.000000000000000000E+00
  4.983161216581668995E+00  9.999999999999660272E-01  2.236681987540601940E-11  0.000000000000000000E+00  0.000000000000000000E+00  2.500000000250015564E-01  1.255596167327217066E-11  2.500000000124456001E-01  0.000000000000000000E+00
  4.997136508960161372E+00  9.999999999999658051E-01  2.236681987455898645E-11  0.000000000000000000E+00  0.000000000000000000E+00  2.500000000250015564E-01  1.253173394662623423E-11  2.500000000124698030E-01  0.000000000000000000E+00
