  #time                     mass                      x-momentum                y-momentum                z-momentum                E_total                   E_kinetic                 E_internal                MagEnergy                
  0.000000000000000000E+00  1.100000000000000089E+00  1.654556291383126571E-11  1.820011920615491860E-11  0.000000000000000000E+00  2.750000000124435129E-01  2.749999999486495520E-11  2.749999999849435106E-01  0.000000000000000000E+00
  1.368877111031258365E-01  1.099999999999999645E+00  1.654556291441618580E-11  1.820011920464548847E-11  0.000000000000000000E+00  2.750000000124434574E-01  2.746606544553617648E-11  2.749999999849774834E-01  0.000000000000000000E+00
  2.766402374608271653E-01  1.099999999999999423E+00  1.654556291446912536E-11  1.820011920406315332E-11  0.000000000000000000E+00  2.750000000124431798E-01  2.748509980316661416E-11  2.749999999849581656E-01  0.000000000000000000E+00
  4.163928149323069539E-01  1.099999999999998757E+00  1.654556291542203742E-11  1.820011920533370274E-11  0.000000000000000000E+00  2.750000000124432353E-01  2.745772687562972212E-11  2.749999999849854770E-01  0.000000000000000000E+00
  5.561453391163113658E-01  1.099999999999998312E+00  1.654556291478676271E-11  1.820011920469842803E-11  0.000000000000000000E+00  2.750000000124430133E-01  2.732320928858983858E-11  2.749999999851199251E-01  0.000000000000000000E+00
  6.958979174117249089E-01  1.099999999999997424E+00  1.654556291552791654E-11  1.820011920480430715E-11  0.000000000000000000E+00  2.750000000124429578E-01  2.711664713650859126E-11  2.749999999853263155E-01  0.000000000000000000E+00
  8.356504652558388591E-01  1.099999999999996980E+00  1.654556291566026544E-11  1.820011920439402556E-11  0.000000000000000000E+00  2.750000000124428468E-01  2.693529704935814385E-11  2.749999999855075039E-01  0.000000000000000000E+00
  9.754030248257760105E-01  1.099999999999996536E+00  1.654556291499852095E-11  1.820011920480430715E-11  0.000000000000000000E+00  2.750000000124425137E-01  2.685462361635773874E-11  2.749999999855881061E-01  0.000000000000000000E+00
  1.115155605632931923E+00  1.099999999999996092E+00  1.654556291351621329E-11  1.820011920459254891E-11  0.000000000000000000E+00  2.750000000124426247E-01  2.686139943123409263E-11  2.749999999855812227E-01  0.000000000000000000E+00
  1.254908148044504790E+00  1.099999999999995426E+00  1.654556291393972976E-11  1.820011920607485657E-11  0.000000000000000000E+00  2.750000000124424582E-01  2.686573454931603621E-11  2.749999999855767818E-01  0.000000000000000000E+00
  1.394660747492937780E+00  1.099999999999994760E+00  1.654556291499852095E-11  1.820011920575721921E-11  0.000000000000000000E+00  2.750000000124422361E-01  2.678164587224082712E-11  2.749999999856607147E-01  0.000000000000000000E+00
  1.534413295321286119E+00  1.099999999999994316E+00  1.654556291404560888E-11  1.820011920607485657E-11  0.000000000000000000E+00  2.750000000124421806E-01  2.660046248930946219E-11  2.749999999858417921E-01  0.000000000000000000E+00
  1.674165888744931996E+00  1.099999999999993872E+00  1.654556291489264183E-11  1.820011920581015877E-11  0.000000000000000000E+00  2.750000000124421806E-01  2.640011523381069982E-11  2.749999999860420763E-01  0.000000000000000000E+00
  1.813918465031629790E+00  1.099999999999993205E+00  1.654556291531615830E-11  1.820011920550575631E-11  0.000000000000000000E+00  2.750000000124419586E-01  2.627421033000315020E-11  2.749999999861677535E-01  0.000000000000000000E+00
  1.953671037724579396E+00  1.099999999999992983E+00  1.654556291573967478E-11  1.820011920475136759E-11  0.000000000000000000E+00  2.750000000124417365E-01  2.625112811379164209E-11  2.749999999861906241E-01  0.000000000000000000E+00
  2.093423644824534691E+00  1.099999999999991429E+00  1.654556291595143301E-11  1.820011920501606538E-11  0.000000000000000000E+00  2.750000000124415145E-01  2.626931602007568912E-11  2.749999999861721944E-01  0.000000000000000000E+00
  2.233176205207831444E+00  1.099999999999991207E+00  1.654556291637494949E-11  1.820011920395727420E-11  0.000000000000000000E+00  2.750000000124414035E-01  2.623111001155316426E-11  2.749999999862102196E-01  0.000000000000000000E+00
  2.372928824065334563E+00  1.099999999999990763E+00  1.654556291711610332E-11  1.820011920459254891E-11  0.000000000000000000E+00  2.750000000124411259E-01  2.609026777651522119E-11  2.749999999863509403E-01  0.000000000000000000E+00
  2.512681397339076916E+00  1.099999999999990541E+00  1.654556291711610332E-11  1.820011920464548847E-11  0.000000000000000000E+00  2.750000000124410704E-01  2.589001679112740281E-11  2.749999999865510580E-01  0.000000000000000000E+00
  2.652434004226638109E+00  1.099999999999989653E+00  1.654556291712933821E-11  1.820011920434108600E-11  0.000000000000000000E+00  2.750000000124409594E-01  2.572663995840577252E-11  2.749999999867142053E-01  0.000000000000000000E+00
  2.792186608877375242E+00  1.099999999999989431E+00  1.654556291791019670E-11  1.820011920485724671E-11  0.000000000000000000E+00  2.750000000124405153E-01  2.566307541716864405E-11  2.749999999867775990E-01  0.000000000000000000E+00
  2.931939195012390975E+00  1.099999999999988542E+00  1.654556291753961979E-11  1.820011920469842803E-11  0.000000000000000000E+00  2.750000000124403488E-01  2.567469306983413680E-11  2.749999999867658307E-01  0.000000000000000000E+00
  3.071691826469106434E+00  1.099999999999988098E+00  1.654556291732786155E-11  1.820011920565134010E-11  0.000000000000000000E+00  2.750000000124401822E-01  2.567182440546956386E-11  2.749999999867683842E-01  0.000000000000000000E+00
  3.211444406629447190E+00  1.099999999999987654E+00  1.654556291679846596E-11  1.820011920565134010E-11  0.000000000000000000E+00  2.750000000124399602E-01  2.557755430857583444E-11  2.749999999868624201E-01  0.000000000000000000E+00
  3.351197042698953688E+00  1.099999999999986544E+00  1.654556291573967478E-11  1.820011920459254891E-11  0.000000000000000000E+00  2.750000000124397936E-01  2.539701140555100981E-11  2.749999999870428313E-01  0.000000000000000000E+00
  3.490949642634261885E+00  1.099999999999985878E+00  1.654556291616319125E-11  1.820011920464548847E-11  0.000000000000000000E+00  2.750000000124395716E-01  2.521014645655580858E-11  2.749999999872294598E-01  0.000000000000000000E+00
  3.630702262158378879E+00  1.099999999999985434E+00  1.654556291775137803E-11  1.820011920475136759E-11  0.000000000000000000E+00  2.750000000124393496E-01  2.510295493585655308E-11  2.749999999873363743E-01  0.000000000000000000E+00
  3.770454894439623228E+00  1.099999999999985434E+00  1.654556291817489450E-11  1.820011920374551596E-11  0.000000000000000000E+00  2.750000000124390720E-01  2.509091269591880487E-11  2.749999999873483647E-01  0.000000000000000000E+00
  3.910207495210181516E+00  1.099999999999984102E+00  1.654556291785725714E-11  1.820011920427491156E-11  0.000000000000000000E+00  2.750000000124389610E-01  2.510604013600654479E-11  2.749999999873328216E-01  0.000000000000000000E+00
  4.049960148931507575E+00  1.099999999999983213E+00  1.654556291902192745E-11  1.820011920268672478E-11  0.000000000000000000E+00  2.750000000124386279E-01  2.505796381990529623E-11  2.749999999873806722E-01  0.000000000000000000E+00
  4.189712750865441926E+00  1.099999999999983658E+00  1.654556291753961979E-11  1.820011920469842803E-11  0.000000000000000000E+00  2.750000000124385169E-01  2.491163646239311784E-11  2.749999999875266665E-01  0.000000000000000000E+00
  4.329465402200536772E+00  1.099999999999982547E+00  1.654556291769843847E-11  1.820011920538664230E-11  0.000000000000000000E+00  2.750000000124381283E-01  2.471975599667974003E-11  2.749999999877184020E-01  0.000000000000000000E+00
  4.469218029373608125E+00  1.099999999999982103E+00  1.654556291735764005E-11  1.820011920472489781E-11  0.000000000000000000E+00  2.750000000124379063E-01  2.457394277968962716E-11  2.749999999878638413E-01  0.000000000000000000E+00
  4.608970661257572488E+00  1.099999999999981881E+00  1.654556291674552640E-11  1.820011920549252142E-11  0.000000000000000000E+00  2.750000000124377397E-01  2.452558867199815706E-11  2.749999999879120804E-01  0.000000000000000000E+00
  4.748723319703588075E+00  1.099999999999980993E+00  1.654556291753961979E-11  1.820011920459254891E-11  0.000000000000000000E+00  2.750000000124372956E-01  2.454050709519917817E-11  2.749999999878969259E-01  0.000000000000000000E+00
  4.888475936770926289E+00  1.099999999999980327E+00  1.654556291679846596E-11  1.820011920427491156E-11  0.000000000000000000E+00  2.750000000124370736E-01  2.452907144688669921E-11  2.749999999879080281E-01  0.000000000000000000E+00
  5.028228610327648340E+00  1.099999999999980105E+00  1.654556291605731213E-11  1.820011920459254891E-11  0.000000000000000000E+00  2.750000000124367405E-01  2.442652500163820905E-11  2.749999999880101687E-01  0.000000000000000000E+00
  5.167981235972256115E+00  1.099999999999979661E+00  1.654556291711610332E-11  1.820011920496312583E-11  0.000000000000000000E+00  2.750000000124365185E-01  2.424765857400815883E-11  2.749999999881890256E-01  0.000000000000000000E+00
  5.307733900785342129E+00  1.099999999999978995E+00  1.654556291642788905E-11  1.820011920536017252E-11  0.000000000000000000E+00  2.750000000124362409E-01  2.407533911022320614E-11  2.749999999883608881E-01  0.000000000000000000E+00
  5.447486555568106681E+00  1.099999999999978550E+00  1.654556291658670772E-11  1.820011920432785112E-11  0.000000000000000000E+00  2.750000000124360744E-01  2.398566325483131484E-11  2.749999999884502611E-01  0.000000000000000000E+00
  5.587239199859824978E+00  1.099999999999977440E+00  1.654556291637494949E-11  1.820011920379845552E-11  0.000000000000000000E+00  2.750000000124356303E-01  2.398225215070617026E-11  2.749999999884533697E-01  0.000000000000000000E+00
  5.726991882978478721E+00  1.099999999999976552E+00  1.654556291616319125E-11  1.820011920363963685E-11  0.000000000000000000E+00  2.750000000124354083E-01  2.399358204948110654E-11  2.749999999884418234E-01  0.000000000000000000E+00
  5.866744517942770187E+00  1.099999999999975886E+00  1.654556291743374067E-11  1.820011920311024125E-11  0.000000000000000000E+00  2.750000000124351862E-01  2.393526654057546567E-11  2.749999999884997770E-01  0.000000000000000000E+00
  6.006497209256653314E+00  1.099999999999975220E+00  1.654556291849253186E-11  1.820011920438079067E-11  0.000000000000000000E+00  2.750000000124347976E-01  2.378582027597811954E-11  2.749999999886489355E-01  0.000000000000000000E+00
  6.146249859821457662E+00  1.099999999999974998E+00  1.654556291669258684E-11  1.820011920363963685E-11  0.000000000000000000E+00  2.750000000124345201E-01  2.360303309639807193E-11  2.749999999888315672E-01  0.000000000000000000E+00
  6.286002537196018203E+00  1.099999999999974332E+00  1.654556291627899654E-11  1.820011920357677112E-11  0.000000000000000000E+00  2.750000000124341315E-01  2.347462466609520912E-11  2.749999999889594648E-01  0.000000000000000000E+00
  6.425755218915402800E+00  1.099999999999973443E+00  1.654556291616319125E-11  1.820011920337493905E-11  0.000000000000000000E+00  2.750000000124339650E-01  2.343981697120026876E-11  2.749999999889941038E-01  0.000000000000000000E+00
  6.565507876684010924E+00  1.099999999999972777E+00  1.654556291605731213E-11  1.820011920353375773E-11  0.000000000000000000E+00  2.750000000124336319E-01  2.345571448495248303E-11  2.749999999889777280E-01  0.000000000000000000E+00
  6.705260582257858815E+00  1.099999999999972333E+00  1.654556291626907037E-11  1.820011920289848302E-11  0.000000000000000000E+00  2.750000000124331878E-01  2.343603371829430767E-11  2.749999999889971014E-01  0.000000000000000000E+00
  6.845013237201087009E+00  1.099999999999972111E+00  1.654556291542203742E-11  1.820011920491018627E-11  0.000000000000000000E+00  2.750000000124329103E-01  2.332567602063606585E-11  2.749999999891072355E-01  0.000000000000000000E+00
  6.984765943984126757E+00  1.099999999999971667E+00  1.654556291589849345E-11  1.820011920273966434E-11  0.000000000000000000E+00  2.750000000124325772E-01  2.315071128556494783E-11  2.749999999892818181E-01  0.000000000000000000E+00
  7.124518620668908397E+00  1.099999999999970779E+00  1.654556291571320500E-11  1.820011920438079067E-11  0.000000000000000000E+00  2.750000000124322996E-01  2.299298557062920836E-11  2.749999999894391922E-01  0.000000000000000000E+00
  7.264271309758186135E+00  1.099999999999970335E+00  1.654556291634847971E-11  1.820011920459254891E-11  0.000000000000000000E+00  2.750000000124319111E-01  2.291954103589474343E-11  2.749999999895123559E-01  0.000000000000000000E+00
  7.404024017629384780E+00  1.099999999999969003E+00  1.654556291584555389E-11  1.820011920459254891E-11  0.000000000000000000E+00  2.750000000124314115E-01  2.292311876541299757E-11  2.749999999895084146E-01  0.000000000000000000E+00
  7.543776689978535899E+00  1.099999999999968336E+00  1.654556291552791654E-11  1.820011920374551596E-11  0.000000000000000000E+00  2.750000000124312449E-01  2.292892444306094638E-11  2.749999999895023639E-01  0.000000000000000000E+00
  7.683529415948829211E+00  1.099999999999968558E+00  1.654556291468088359E-11  1.820011920438079067E-11  0.000000000000000000E+00  2.750000000124308008E-01  2.286170733802886529E-11  2.749999999895691993E-01  0.000000000000000000E+00
  7.823282092635982288E+00  1.099999999999967892E+00  1.654556291595143301E-11  1.820011920353375773E-11  0.000000000000000000E+00  2.750000000124304678E-01  2.271005093255847380E-11  2.749999999897204117E-01  0.000000000000000000E+00
  7.963034813254687094E+00  1.099999999999967004E+00  1.654556291542203742E-11  1.820011920491018627E-11  0.000000000000000000E+00  2.750000000124301347E-01  2.253788703462487459E-11  2.749999999898921632E-01  0.000000000000000000E+00
  8.102787516444308835E+00  1.099999999999966782E+00  1.654556291461470914E-11  1.820011920528076318E-11  0.000000000000000000E+00  2.750000000124299682E-01  2.242614881471692951E-11  2.749999999900037961E-01  0.000000000000000000E+00
  8.242540217333701236E+00  1.099999999999965894E+00  1.654556291468088359E-11  1.820011920522782362E-11  0.000000000000000000E+00  2.750000000124293575E-01  2.240285133500960795E-11  2.749999999900265557E-01  0.000000000000000000E+00
  8.382292949826275930E+00  1.099999999999965006E+00  1.654556291383385065E-11  1.820011920586309833E-11  0.000000000000000000E+00  2.750000000124290800E-01  2.241860776922684181E-11  2.749999999900104575E-01  0.000000000000000000E+00
  8.522045638435480797E+00  1.099999999999964562E+00  1.654556291425736712E-11  1.820011920575721921E-11  0.000000000000000000E+00  2.750000000124286359E-01  2.238983516489306045E-11  2.749999999900387126E-01  0.000000000000000000E+00
  8.661798382515051742E+00  1.099999999999963896E+00  1.654556291531615830E-11  1.820011920512194450E-11  0.000000000000000000E+00  2.750000000124281918E-01  2.227369288541275415E-11  2.749999999901545089E-01  0.000000000000000000E+00
  8.801551082587200980E+00  1.099999999999963229E+00  1.654556291536909786E-11  1.820011920427491156E-11  0.000000000000000000E+00  2.750000000124278587E-01  2.210349810807227121E-11  2.749999999903243730E-01  0.000000000000000000E+00
  8.941303815633924401E+00  1.099999999999962341E+00  1.654556291511763496E-11  1.820011920567780987E-11  0.000000000000000000E+00  2.750000000124274147E-01  2.196084364784549020E-11  2.749999999904666481E-01  0.000000000000000000E+00
  9.081056545134655877E+00  1.099999999999962341E+00  1.654556291378091109E-11  1.820011920448666979E-11  0.000000000000000000E+00  2.750000000124270816E-01  2.190228071661218570E-11  2.749999999905247683E-01  0.000000000000000000E+00
  9.220809258305523670E+00  1.099999999999961675E+00  1.654556291489264183E-11  1.820011920332199949E-11  0.000000000000000000E+00  2.750000000124266375E-01  2.191059029431185376E-11  2.749999999905161086E-01  0.000000000000000000E+00
  9.360562013488062050E+00  1.099999999999960787E+00  1.654556291489264183E-11  1.820011920321612037E-11  0.000000000000000000E+00  2.750000000124262489E-01  2.191063365479406822E-11  2.749999999905155534E-01  0.000000000000000000E+00
  9.500314720275948588E+00  1.099999999999960121E+00  1.654556291341033417E-11  1.820011920395727420E-11  0.000000000000000000E+00  2.750000000124259714E-01  2.183454970183936526E-11  2.749999999905912151E-01  0.000000000000000000E+00
  9.640067480262464628E+00  1.099999999999959677E+00  1.654556291595143301E-11  1.820011920353375773E-11  0.000000000000000000E+00  2.750000000124253607E-01  2.168288481421129345E-11  2.749999999907424275E-01  0.000000000000000000E+00
  9.779820205091029450E+00  1.099999999999959233E+00  1.654556291446912536E-11  1.820011920456607913E-11  0.000000000000000000E+00  2.750000000124249167E-01  2.152174908921251664E-11  2.749999999909031878E-01  0.000000000000000000E+00
  9.919572949569538167E+00  1.099999999999958566E+00  1.654556291441618580E-11  1.820011920349405306E-11  0.000000000000000000E+00  2.750000000124245281E-01  2.142603331557404512E-11  2.749999999909985560E-01  0.000000000000000000E+00
  1.005932570490212541E+01  1.099999999999958122E+00  1.654556291404560888E-11  1.820011920353375773E-11  0.000000000000000000E+00  2.750000000124239730E-01  2.141266367368491921E-11  2.749999999910113235E-01  0.000000000000000000E+00
  1.019907843124691027E+01  1.099999999999957234E+00  1.654556291468088359E-11  1.820011920332199949E-11  0.000000000000000000E+00  2.750000000124235844E-01  2.142633337854836691E-11  2.749999999909972237E-01  0.000000000000000000E+00
  1.033883120725174187E+01  1.099999999999956790E+00  1.654556291351621329E-11  1.820011920480430715E-11  0.000000000000000000E+00  2.750000000124232513E-01  2.138922532821759471E-11  2.749999999910339721E-01  0.000000000000000000E+00
  1.047858393394339238E+01  1.099999999999956124E+00  1.654556291415148800E-11  1.820011920501606538E-11  0.000000000000000000E+00  2.750000000124226962E-01  2.126795793072634620E-11  2.749999999911548754E-01  0.000000000000000000E+00
  1.061833670810693775E+01  1.099999999999955902E+00  1.654556291399266932E-11  1.820011920570427965E-11  0.000000000000000000E+00  2.750000000124223076E-01  2.110435477910960874E-11  2.749999999913178561E-01  0.000000000000000000E+00
  1.075808945819305329E+01  1.099999999999955014E+00  1.654556291341695162E-11  1.820011920504915261E-11  0.000000000000000000E+00  2.750000000124219746E-01  2.097647912244409329E-11  2.749999999914453652E-01  0.000000000000000000E+00
  1.089784221393494335E+01  1.099999999999954792E+00  1.654556291346327373E-11  1.820011920448666979E-11  0.000000000000000000E+00  2.750000000124213084E-01  2.093124050014022111E-11  2.749999999914900517E-01  0.000000000000000000E+00
  1.103759499368371699E+01  1.099999999999953904E+00  1.654556291393972976E-11  1.820011920448666979E-11  0.000000000000000000E+00  2.750000000124208643E-01  2.094294042241482255E-11  2.749999999914780058E-01  0.000000000000000000E+00
  1.117734773484478161E+01  1.099999999999953015E+00  1.654556291425736712E-11  1.820011920406315332E-11  0.000000000000000000E+00  2.750000000124203092E-01  2.093597392529155768E-11  2.749999999914843896E-01  0.000000000000000000E+00
  1.131710052935349431E+01  1.099999999999953015E+00  1.654556291425736712E-11  1.820011920438079067E-11  0.000000000000000000E+00  2.750000000124198651E-01  2.085260730067968114E-11  2.749999999915672122E-01  0.000000000000000000E+00
  1.145685327788200247E+01  1.099999999999952571E+00  1.654556291256330122E-11  1.820011920575721921E-11  0.000000000000000000E+00  2.750000000124194210E-01  2.070180165246485751E-11  2.749999999917175919E-01  0.000000000000000000E+00
  1.159660606443664044E+01  1.099999999999951683E+00  1.654556291383385065E-11  1.820011920448666979E-11  0.000000000000000000E+00  2.750000000124188104E-01  2.055269286110548595E-11  2.749999999918661953E-01  0.000000000000000000E+00
  1.173635884017519437E+01  1.099999999999950573E+00  1.654556291306622704E-11  1.820011920427491156E-11  0.000000000000000000E+00  2.750000000124183663E-01  2.047202859475365822E-11  2.749999999919462979E-01  0.000000000000000000E+00
  1.187611160713542446E+01  1.099999999999950351E+00  1.654556291383385065E-11  1.820011920422197200E-11  0.000000000000000000E+00  2.750000000124179778E-01  2.046654778326322069E-11  2.749999999919513494E-01  0.000000000000000000E+00
  1.201586440990356586E+01  1.099999999999949241E+00  1.654556291404560888E-11  1.820011920311024125E-11  0.000000000000000000E+00  2.750000000124173671E-01  2.047744768369338149E-11  2.749999999919399141E-01  0.000000000000000000E+00
  1.215561716739039433E+01  1.099999999999949019E+00  1.654556291351621329E-11  1.820011920491018627E-11  0.000000000000000000E+00  2.750000000124167010E-01  2.043160096921955692E-11  2.749999999919852667E-01  0.000000000000000000E+00
  1.229536997839353418E+01  1.099999999999948352E+00  1.654556291256330122E-11  1.820011920311024125E-11  0.000000000000000000E+00  2.750000000124163679E-01  2.030722482076633325E-11  2.749999999921091121E-01  0.000000000000000000E+00
  1.243512274999275213E+01  1.099999999999947908E+00  1.654556291277505946E-11  1.820011920427491156E-11  0.000000000000000000E+00  2.750000000124157573E-01  2.015085203462346071E-11  2.749999999922649319E-01  0.000000000000000000E+00
  1.257487554799425844E+01  1.099999999999947242E+00  1.654556291388348148E-11  1.820011920374634314E-11  0.000000000000000000E+00  2.750000000124152577E-01  2.003771555389501319E-11  2.749999999923775640E-01  0.000000000000000000E+00
  1.271462834891028493E+01  1.099999999999947020E+00  1.654556291351621329E-11  1.820011920305730169E-11  0.000000000000000000E+00  2.750000000124147581E-01  2.000440809858603864E-11  2.749999999924103711E-01  0.000000000000000000E+00
  1.285438112800641797E+01  1.099999999999947020E+00  1.654556291245742211E-11  1.820011920385139508E-11  0.000000000000000000E+00  2.750000000124141475E-01  2.001748654115816040E-11  2.749999999923967708E-01  0.000000000000000000E+00
  1.299413395182194719E+01  1.099999999999945910E+00  1.654556291362209241E-11  1.820011920332199949E-11  0.000000000000000000E+00  2.750000000124137034E-01  2.000372103503786631E-11  2.749999999924101490E-01  0.000000000000000000E+00
  1.313388672757229436E+01  1.099999999999945466E+00  1.654556291309269682E-11  1.820011920321612037E-11  0.000000000000000000E+00  2.750000000124131483E-01  1.991339865443145653E-11  2.749999999924998551E-01  0.000000000000000000E+00
  1.327363955297852094E+01  1.099999999999944800E+00  1.654556291319857593E-11  1.820011920522782362E-11  0.000000000000000000E+00  2.750000000124124266E-01  1.976539070826259572E-11  2.749999999926471261E-01  0.000000000000000000E+00
  1.341339234870082642E+01  1.099999999999944134E+00  1.654556291306622704E-11  1.820011920390433464E-11  0.000000000000000000E+00  2.750000000124119826E-01  1.962839701321560265E-11  2.749999999927836836E-01  0.000000000000000000E+00
  1.355314515742415793E+01  1.099999999999943912E+00  1.654556291327798527E-11  1.820011920316318081E-11  0.000000000000000000E+00  2.750000000124115385E-01  1.956176490207976071E-11  2.749999999928497973E-01  0.000000000000000000E+00
  1.369289798264667191E+01  1.099999999999943023E+00  1.654556291319857593E-11  1.820011920390433464E-11  0.000000000000000000E+00  2.750000000124109834E-01  1.956276484082316752E-11  2.749999999928482985E-01  0.000000000000000000E+00
  1.383265077506233354E+01  1.099999999999942357E+00  1.654556291309269682E-11  1.820011920311024125E-11  0.000000000000000000E+00  2.750000000124104838E-01  1.956935497762276683E-11  2.749999999928410821E-01  0.000000000000000000E+00
  1.397240361785227591E+01  1.099999999999942357E+00  1.654556291319857593E-11  1.820011920247496654E-11  0.000000000000000000E+00  2.750000000124099842E-01  1.951585867666007278E-11  2.749999999928941508E-01  0.000000000000000000E+00
  1.411215641365978968E+01  1.099999999999941469E+00  1.654556291499852095E-11  1.820011920311024125E-11  0.000000000000000000E+00  2.750000000124092625E-01  1.938911305408443097E-11  2.749999999930202721E-01  0.000000000000000000E+00
  1.425190925172909395E+01  1.099999999999941247E+00  1.654556291335739461E-11  1.820011920342787861E-11  0.000000000000000000E+00  2.750000000124087629E-01  1.924134980253342166E-11  2.749999999931673766E-01  0.000000000000000000E+00
  1.439166207215841098E+01  1.099999999999940581E+00  1.654556291362870985E-11  1.820011920303083191E-11  0.000000000000000000E+00  2.750000000124080968E-01  1.914237809613517063E-11  2.749999999932657424E-01  0.000000000000000000E+00
  1.453141489147330745E+01  1.099999999999940137E+00  1.654556291356915285E-11  1.820011920321612037E-11  0.000000000000000000E+00  2.750000000124075417E-01  1.911930367301167150E-11  2.749999999932883354E-01  0.000000000000000000E+00
  1.467116773976992761E+01  1.099999999999939249E+00  1.654556291277505946E-11  1.820011920279260390E-11  0.000000000000000000E+00  2.750000000124069865E-01  1.913276692245392486E-11  2.749999999932741801E-01  0.000000000000000000E+00
  1.481092054692200222E+01  1.099999999999939027E+00  1.654556291372797153E-11  1.820011920268672478E-11  0.000000000000000000E+00  2.750000000124064314E-01  1.911139725057293845E-11  2.749999999932949968E-01  0.000000000000000000E+00
  1.495067340662167332E+01  1.099999999999938805E+00  1.654556291351621329E-11  1.820011920342787861E-11  0.000000000000000000E+00  2.750000000124057098E-01  1.901582562530063094E-11  2.749999999933898653E-01  0.000000000000000000E+00
  1.509042622391990562E+01  1.099999999999938138E+00  1.654556291356915285E-11  1.820011920348081817E-11  0.000000000000000000E+00  2.750000000124052102E-01  1.887135809868163949E-11  2.749999999935338613E-01  0.000000000000000000E+00
  1.523017907344015320E+01  1.099999999999937694E+00  1.654556291341033417E-11  1.820011920332199949E-11  0.000000000000000000E+00  2.750000000124043775E-01  1.874697650698685148E-11  2.749999999936575401E-01  0.000000000000000000E+00
  1.536993191832257821E+01  1.099999999999936806E+00  1.654556291298681770E-11  1.820011920273966434E-11  0.000000000000000000E+00  2.750000000124038224E-01  1.869326321620651564E-11  2.749999999937106088E-01  0.000000000000000000E+00
  1.550968474883221582E+01  1.099999999999937028E+00  1.654556291266918034E-11  1.820011920268672478E-11  0.000000000000000000E+00  2.750000000124032673E-01  1.869881267972205857E-11  2.749999999937043915E-01  0.000000000000000000E+00
  1.564943761832476454E+01  1.099999999999936584E+00  1.654556291256330122E-11  1.820011920438079067E-11  0.000000000000000000E+00  2.750000000124026567E-01  1.870083342125005379E-11  2.749999999937016715E-01  0.000000000000000000E+00
  1.578919044211503397E+01  1.099999999999935252E+00  1.654556291319857593E-11  1.820011920406315332E-11  0.000000000000000000E+00  2.750000000124017685E-01  1.863964074851907605E-11  2.749999999937622341E-01  0.000000000000000000E+00
  1.592894331656572326E+01  1.099999999999935696E+00  1.654556291393972976E-11  1.820011920453960935E-11  0.000000000000000000E+00  2.750000000124012689E-01  1.851242030829607928E-11  2.749999999938887996E-01  0.000000000000000000E+00
  1.606869615678307284E+01  1.099999999999934808E+00  1.654556291449559514E-11  1.820011920342787861E-11  0.000000000000000000E+00  2.750000000124007138E-01  1.837364473261793273E-11  2.749999999940269113E-01  0.000000000000000000E+00
  1.620844901670117366E+01  1.099999999999934142E+00  1.654556291335739461E-11  1.820011920354699262E-11  0.000000000000000000E+00  2.750000000124000477E-01  1.828836828257448456E-11  2.749999999941117323E-01  0.000000000000000000E+00
  1.634820188569981880E+01  1.099999999999933920E+00  1.654556291335739461E-11  1.820011920321612037E-11  0.000000000000000000E+00  2.750000000123994370E-01  1.827418749997390087E-11  2.749999999941251105E-01  0.000000000000000000E+00
  1.648795472811270102E+01  1.099999999999933697E+00  1.654556291309269682E-11  1.820011920427491156E-11  0.000000000000000000E+00  2.750000000123988264E-01  1.828632984107467758E-11  2.749999999941126205E-01  0.000000000000000000E+00
  1.662770761704625500E+01  1.099999999999933253E+00  1.654556291224566387E-11  1.820011920395727420E-11  0.000000000000000000E+00  2.750000000123981048E-01  1.825794506494486089E-11  2.749999999941400430E-01  0.000000000000000000E+00
  1.676746045907997740E+01  1.099999999999932587E+00  1.654556291372797153E-11  1.820011920596897745E-11  0.000000000000000000E+00  2.750000000123974386E-01  1.815763513403434001E-11  2.749999999942397966E-01  0.000000000000000000E+00
  1.690721334664130282E+01  1.099999999999931921E+00  1.654556291393972976E-11  1.820011920427491156E-11  0.000000000000000000E+00  2.750000000123965505E-01  1.801831540585592142E-11  2.749999999943782969E-01  0.000000000000000000E+00
  1.704696621033077619E+01  1.099999999999931477E+00  1.654556291265594545E-11  1.820011920477783737E-11  0.000000000000000000E+00  2.750000000123961619E-01  1.790634422212283463E-11  2.749999999944896523E-01  0.000000000000000000E+00
  1.718671908045966745E+01  1.099999999999930811E+00  1.654556291319857593E-11  1.820011920501606538E-11  0.000000000000000000E+00  2.750000000123952182E-01  1.786427765494830362E-11  2.749999999945310636E-01  0.000000000000000000E+00
  1.732647197229366753E+01  1.099999999999930589E+00  1.654556291277505946E-11  1.820011920602191701E-11  0.000000000000000000E+00  2.750000000123946631E-01  1.787321157024121260E-11  2.749999999945214602E-01  0.000000000000000000E+00
  1.746622482809300436E+01  1.099999999999930367E+00  1.654556291341033417E-11  1.820011920543958186E-11  0.000000000000000000E+00  2.750000000123938859E-01  1.786952740381576862E-11  2.749999999945243467E-01  0.000000000000000000E+00
  1.760597773430792756E+01  1.099999999999929701E+00  1.654556291277505946E-11  1.820011920448666979E-11  0.000000000000000000E+00  2.750000000123931643E-01  1.780195279134393828E-11  2.749999999945912377E-01  0.000000000000000000E+00
  1.774573059637743455E+01  1.099999999999929479E+00  1.654556291388679020E-11  1.820011920602191701E-11  0.000000000000000000E+00  2.750000000123924426E-01  1.767498053711780559E-11  2.749999999947175811E-01  0.000000000000000000E+00
  1.788548349539854243E+01  1.099999999999929035E+00  1.654556291457500447E-11  1.820011920607485657E-11  0.000000000000000000E+00  2.750000000123918875E-01  1.754612240639153506E-11  2.749999999948457008E-01  0.000000000000000000E+00
  1.802523638289299157E+01  1.099999999999928146E+00  1.654556291452206491E-11  1.820011920558516565E-11  0.000000000000000000E+00  2.750000000123909993E-01  1.747375700032935959E-11  2.749999999949173657E-01  0.000000000000000000E+00
  1.816498926322524810E+01  1.099999999999928146E+00  1.654556291367503197E-11  1.820011920559840054E-11  0.000000000000000000E+00  2.750000000123904442E-01  1.746674772041153015E-11  2.749999999949235274E-01  0.000000000000000000E+00
  1.830474217649807400E+01  1.099999999999927480E+00  1.654556291446912536E-11  1.820011920522782362E-11  0.000000000000000000E+00  2.750000000123896671E-01  1.747694151753959194E-11  2.749999999949125917E-01  0.000000000000000000E+00
  1.844449504724055799E+01  1.099999999999927036E+00  1.654556291446912536E-11  1.820011920480430715E-11  0.000000000000000000E+00  2.750000000123890009E-01  1.744112118972856329E-11  2.749999999949478968E-01  0.000000000000000000E+00
  1.858424796874732010E+01  1.099999999999926592E+00  1.654556291563379566E-11  1.820011920596897745E-11  0.000000000000000000E+00  2.750000000123882793E-01  1.733778861736092948E-11  2.749999999950504259E-01  0.000000000000000000E+00
  1.872400085223947386E+01  1.099999999999926148E+00  1.654556291468088359E-11  1.820011920596897745E-11  0.000000000000000000E+00  2.750000000123873911E-01  1.720417758235134284E-11  2.749999999951833196E-01  0.000000000000000000E+00
  1.886375376164953721E+01  1.099999999999925926E+00  1.654556291481654121E-11  1.820011920488867957E-11  0.000000000000000000E+00  2.750000000123866695E-01  1.710466591223343875E-11  2.749999999952820740E-01  0.000000000000000000E+00
  1.900350667269311700E+01  1.099999999999925704E+00  1.654556291420442756E-11  1.820011920538664230E-11  0.000000000000000000E+00  2.750000000123860033E-01  1.707308200133695746E-11  2.749999999953129382E-01  0.000000000000000000E+00
  1.914325956393033934E+01  1.099999999999925038E+00  1.654556291393972976E-11  1.820011920501606538E-11  0.000000000000000000E+00  2.750000000123851152E-01  1.708366063692003764E-11  2.749999999953013918E-01  0.000000000000000000E+00
  1.928301249692697539E+01  1.099999999999924372E+00  1.654556291457500447E-11  1.820011920512194450E-11  0.000000000000000000E+00  2.750000000123843935E-01  1.707439711959861398E-11  2.749999999953100516E-01  0.000000000000000000E+00
  1.942276538433807431E+01  1.099999999999924594E+00  1.654556291542203742E-11  1.820011920469842803E-11  0.000000000000000000E+00  2.750000000123836719E-01  1.700065740570207675E-11  2.749999999953830487E-01  0.000000000000000000E+00
  1.956251831926405416E+01  1.099999999999923928E+00  1.654556291547497698E-11  1.820011920575721921E-11  0.000000000000000000E+00  2.750000000123829502E-01  1.687561897467036141E-11  2.749999999955072827E-01  0.000000000000000000E+00
  1.970227122502496186E+01  1.099999999999924150E+00  1.654556291348974351E-11  1.820011920533370274E-11  0.000000000000000000E+00  2.750000000123822286E-01  1.675679196748571285E-11  2.749999999956254104E-01  0.000000000000000000E+00
  1.984202414423998206E+01  1.099999999999923261E+00  1.654556291494558139E-11  1.820011920485724671E-11  0.000000000000000000E+00  2.750000000123813404E-01  1.669653570796508832E-11  2.749999999956847518E-01  0.000000000000000000E+00
  1.998177707788222790E+01  1.099999999999923039E+00  1.654556291473382315E-11  1.820011920496312583E-11  0.000000000000000000E+00  2.750000000123805632E-01  1.669549293974290756E-11  2.749999999956850294E-01  0.000000000000000000E+00
  2.012152998123929137E+01  1.099999999999923039E+00  1.654556291510440007E-11  1.820011920512194450E-11  0.000000000000000000E+00  2.750000000123797861E-01  1.670236917441670153E-11  2.749999999956774244E-01  0.000000000000000000E+00
  2.026128293190251028E+01  1.099999999999921929E+00  1.654556291563379566E-11  1.820011920639249392E-11  0.000000000000000000E+00  2.750000000123788424E-01  1.665999671997829093E-11  2.749999999957188912E-01  0.000000000000000000E+00
  2.040103583779363206E+01  1.099999999999922373E+00  1.654556291584555389E-11  1.820011920438079067E-11  0.000000000000000000E+00  2.750000000123781208E-01  1.655423826082814253E-11  2.749999999958239183E-01  0.000000000000000000E+00
  2.054078878434964750E+01  1.099999999999921929E+00  1.654556291573967478E-11  1.820011920623367525E-11  0.000000000000000000E+00  2.750000000123772881E-01  1.642757429774503507E-11  2.749999999959498176E-01  0.000000000000000000E+00
  2.068054171308951439E+01  1.099999999999921263E+00  1.654556291635840587E-11  1.820011920457600530E-11  0.000000000000000000E+00  2.750000000123765664E-01  1.634007662215412393E-11  2.749999999960364150E-01  0.000000000000000000E+00
  2.082029464182818401E+01  1.099999999999920375E+00  1.654556291595143301E-11  1.820011920469842803E-11  0.000000000000000000E+00  2.750000000123756227E-01  1.631756332720233576E-11  2.749999999960581198E-01  0.000000000000000000E+00
  2.096004759705805398E+01  1.099999999999920375E+00  1.654556291669258684E-11  1.820011920501606538E-11  0.000000000000000000E+00  2.750000000123749011E-01  1.632890823609215832E-11  2.749999999960461294E-01  0.000000000000000000E+00
  2.109980051379378807E+01  1.099999999999919931E+00  1.654556291626907037E-11  1.820011920649837304E-11  0.000000000000000000E+00  2.750000000123742905E-01  1.631330792362503084E-11  2.749999999960608954E-01  0.000000000000000000E+00
  2.123955348026212064E+01  1.099999999999920153E+00  1.654556291711610332E-11  1.820011920618073569E-11  0.000000000000000000E+00  2.750000000123732913E-01  1.623483761223395859E-11  2.749999999961384445E-01  0.000000000000000000E+00
  2.137930640595146770E+01  1.099999999999919487E+00  1.654556291716904288E-11  1.820011920581015877E-11  0.000000000000000000E+00  2.750000000123725696E-01  1.611236522436564376E-11  2.749999999962601804E-01  0.000000000000000000E+00
  2.151905936303595723E+01  1.099999999999918820E+00  1.654556291756608957E-11  1.820011920508223983E-11  0.000000000000000000E+00  2.750000000123716815E-01  1.600407004283776792E-11  2.749999999963675945E-01  0.000000000000000000E+00
  2.165881231456168976E+01  1.099999999999917710E+00  1.654556291706316376E-11  1.820011920549252142E-11  0.000000000000000000E+00  2.750000000123708488E-01  1.595500688344050220E-11  2.749999999964158892E-01  0.000000000000000000E+00
  2.179856525343060625E+01  1.099999999999918376E+00  1.654556291701022420E-11  1.820011920586309833E-11  0.000000000000000000E+00  2.750000000123701271E-01  1.595828151799964298E-11  2.749999999964119479E-01  0.000000000000000000E+00
  2.193831822851724311E+01  1.099999999999917488E+00  1.654556291658670772E-11  1.820011920607485657E-11  0.000000000000000000E+00  2.750000000123693500E-01  1.596157122978741817E-11  2.749999999964076736E-01  0.000000000000000000E+00
  2.207807116040870454E+01  1.099999999999917044E+00  1.654556291595143301E-11  1.820011920692188952E-11  0.000000000000000000E+00  2.750000000123684618E-01  1.591253999248517962E-11  2.749999999964559128E-01  0.000000000000000000E+00
  2.221782414058984401E+01  1.099999999999916600E+00  1.654556291621613081E-11  1.820011920612779613E-11  0.000000000000000000E+00  2.750000000123675736E-01  1.580598362154797067E-11  2.749999999965614950E-01  0.000000000000000000E+00
  2.235757708741206073E+01  1.099999999999916600E+00  1.654556291724845221E-11  1.820011920543958186E-11  0.000000000000000000E+00  2.750000000123667410E-01  1.568661503102503456E-11  2.749999999966802333E-01  0.000000000000000000E+00
  2.249733005397977337E+01  1.099999999999916156E+00  1.654556291731462666E-11  1.820011920573074943E-11  0.000000000000000000E+00  2.750000000123659083E-01  1.561080343438208207E-11  2.749999999967551734E-01  0.000000000000000000E+00
  2.263708302794702476E+01  1.099999999999915712E+00  1.654556291732786155E-11  1.820011920506900494E-11  0.000000000000000000E+00  2.750000000123651311E-01  1.559622907583702433E-11  2.749999999967688291E-01  0.000000000000000000E+00
  2.277683597762661449E+01  1.099999999999915046E+00  1.654556291605731213E-11  1.820011920554546098E-11  0.000000000000000000E+00  2.750000000123642430E-01  1.560684844625442905E-11  2.749999999967573383E-01  0.000000000000000000E+00
  2.291658897082830393E+01  1.099999999999914602E+00  1.654556291499852095E-11  1.820011920448666979E-11  0.000000000000000000E+00  2.750000000123632438E-01  1.558536535822737708E-11  2.749999999967780440E-01  0.000000000000000000E+00
  2.305634191948839629E+01  1.099999999999914158E+00  1.654556291415148800E-11  1.820011920416903244E-11  0.000000000000000000E+00  2.750000000123625221E-01  1.550255360130350949E-11  2.749999999968598674E-01  0.000000000000000000E+00
  2.319609491174647786E+01  1.099999999999914602E+00  1.654556291589849345E-11  1.820011920612779613E-11  0.000000000000000000E+00  2.750000000123616894E-01  1.538406221710699519E-11  2.749999999969775510E-01  0.000000000000000000E+00
  2.333584788042442071E+01  1.099999999999914380E+00  1.654556291528968852E-11  1.820011920490356882E-11  0.000000000000000000E+00  2.750000000123608013E-01  1.528616670177951773E-11  2.749999999970745845E-01  0.000000000000000000E+00
  2.347560085619864978E+01  1.099999999999913936E+00  1.654556291584555389E-11  1.820011920567780987E-11  0.000000000000000000E+00  2.750000000123599686E-01  1.524726242547558804E-11  2.749999999971125542E-01  0.000000000000000000E+00
  2.361535385157212019E+01  1.099999999999913713E+00  1.654556291600437257E-11  1.820011920506900494E-11  0.000000000000000000E+00  2.750000000123590249E-01  1.525384489454076503E-11  2.749999999971052267E-01  0.000000000000000000E+00
  2.375510681333574325E+01  1.099999999999913047E+00  1.654556291605731213E-11  1.820011920565134010E-11  0.000000000000000000E+00  2.750000000123581922E-01  1.525251961104944903E-11  2.749999999971055598E-01  0.000000000000000000E+00
  2.389485982269840036E+01  1.099999999999912381E+00  1.654556291499852095E-11  1.820011920554546098E-11  0.000000000000000000E+00  2.750000000123572486E-01  1.519791768979144076E-11  2.749999999971594056E-01  0.000000000000000000E+00
  2.403461278973497528E+01  1.099999999999912603E+00  1.654556291775137803E-11  1.820011920596897745E-11  0.000000000000000000E+00  2.750000000123563049E-01  1.509116247206141775E-11  2.749999999972652653E-01  0.000000000000000000E+00
  2.417436579259977236E+01  1.099999999999912159E+00  1.654556291682493574E-11  1.820011920663072194E-11  0.000000000000000000E+00  2.750000000123554722E-01  1.497994816513684333E-11  2.749999999973755105E-01  0.000000000000000000E+00
  2.431411878335197940E+01  1.099999999999911271E+00  1.654556291645435883E-11  1.820011920607485657E-11  0.000000000000000000E+00  2.750000000123548061E-01  1.491519177730243724E-11  2.749999999974396259E-01  0.000000000000000000E+00
  2.445387176843976818E+01  1.099999999999911271E+00  1.654556291621613081E-11  1.820011920612779613E-11  0.000000000000000000E+00  2.750000000123539179E-01  1.490710524894657051E-11  2.749999999974467313E-01  0.000000000000000000E+00
  2.459362478377194705E+01  1.099999999999910827E+00  1.654556291626907037E-11  1.820011920628661481E-11  0.000000000000000000E+00  2.750000000123529742E-01  1.491642658801560750E-11  2.749999999974365172E-01  0.000000000000000000E+00
  2.473337775919915771E+01  1.099999999999910383E+00  1.654556291573967478E-11  1.820011920607485657E-11  0.000000000000000000E+00  2.750000000123520860E-01  1.488863619462556289E-11  2.749999999974633846E-01  0.000000000000000000E+00
  2.487313078272995881E+01  1.099999999999910827E+00  1.654556291753961979E-11  1.820011920586309833E-11  0.000000000000000000E+00  2.750000000123511423E-01  1.480294058095405762E-11  2.749999999975482057E-01  0.000000000000000000E+00
  2.501288376960133064E+01  1.099999999999910161E+00  1.654556291875722965E-11  1.820011920596897745E-11  0.000000000000000000E+00  2.750000000123501986E-01  1.468891977965964476E-11  2.749999999976613374E-01  0.000000000000000000E+00
  2.515263678190737906E+01  1.099999999999909495E+00  1.654556291739072728E-11  1.820011920589618556E-11  0.000000000000000000E+00  2.750000000123494770E-01  1.460153742069847798E-11  2.749999999977479348E-01  0.000000000000000000E+00
  2.529238979465730708E+01  1.099999999999909495E+00  1.654556291806901538E-11  1.820011920538664230E-11  0.000000000000000000E+00  2.750000000123485333E-01  1.457182132609080723E-11  2.749999999977766341E-01  0.000000000000000000E+00
  2.543214278952521568E+01  1.099999999999909495E+00  1.654556291881016921E-11  1.820011920533370274E-11  0.000000000000000000E+00  2.750000000123475896E-01  1.458021029121903664E-11  2.749999999977674192E-01  0.000000000000000000E+00
  2.557189582332686939E+01  1.099999999999907940E+00  1.654556291859841097E-11  1.820011920469842803E-11  0.000000000000000000E+00  2.750000000123467570E-01  1.457433092022349350E-11  2.749999999977722487E-01  0.000000000000000000E+00
  2.571164881394080126E+01  1.099999999999908162E+00  1.654556291849253186E-11  1.820011920543958186E-11  0.000000000000000000E+00  2.750000000123457022E-01  1.451428840485389485E-11  2.749999999978315346E-01  0.000000000000000000E+00
  2.585140184996545543E+01  1.099999999999907496E+00  1.654556291849253186E-11  1.820011920581015877E-11  0.000000000000000000E+00  2.750000000123448141E-01  1.440879755309862742E-11  2.749999999979361176E-01  0.000000000000000000E+00
  2.599115485744800580E+01  1.099999999999907496E+00  1.654556291912780657E-11  1.820011920573074943E-11  0.000000000000000000E+00  2.750000000123440369E-01  1.430586582233008143E-11  2.749999999980380916E-01  0.000000000000000000E+00
  2.613090787870060083E+01  1.099999999999906608E+00  1.654556291849253186E-11  1.820011920596897745E-11  0.000000000000000000E+00  2.750000000123430377E-01  1.425154044951185513E-11  2.749999999980914933E-01  0.000000000000000000E+00
  2.627066091253693969E+01  1.099999999999907274E+00  1.654556291886310877E-11  1.820011920506900494E-11  0.000000000000000000E+00  2.750000000123422605E-01  1.424891248082977421E-11  2.749999999980932697E-01  0.000000000000000000E+00
  2.641041391837876517E+01  1.099999999999906830E+00  1.654556291796313626E-11  1.820011920522782362E-11  0.000000000000000000E+00  2.750000000123413724E-01  1.425572244263314276E-11  2.749999999980854981E-01  0.000000000000000000E+00
  2.655016696868424475E+01  1.099999999999905942E+00  1.654556291658670772E-11  1.820011920480430715E-11  0.000000000000000000E+00  2.750000000123403732E-01  1.422233841529436237E-11  2.749999999981179721E-01  0.000000000000000000E+00
  2.668991997626533319E+01  1.099999999999905942E+00  1.654556291722198243E-11  1.820011920602191701E-11  0.000000000000000000E+00  2.750000000123395405E-01  1.413423639674505409E-11  2.749999999982051246E-01  0.000000000000000000E+00
  2.682967302303809731E+01  1.099999999999905720E+00  1.654556291759255935E-11  1.820011920554546098E-11  0.000000000000000000E+00  2.750000000123383748E-01  1.402579414949839667E-11  2.749999999983127053E-01  0.000000000000000000E+00
  2.696942605183799557E+01  1.099999999999905498E+00  1.654556291676207001E-11  1.820011920516330353E-11  0.000000000000000000E+00  2.750000000123375421E-01  1.394858264689206781E-11  2.749999999983889221E-01  0.000000000000000000E+00
  2.710917908169496826E+01  1.099999999999904832E+00  1.654556291701022420E-11  1.820011920565134010E-11  0.000000000000000000E+00  2.750000000123367094E-01  1.392688427346499933E-11  2.749999999984097387E-01  0.000000000000000000E+00
  2.724893213566240036E+01  1.099999999999904610E+00  1.654556291701022420E-11  1.820011920538664230E-11  0.000000000000000000E+00  2.750000000123357657E-01  1.393630573299052753E-11  2.749999999983994137E-01  0.000000000000000000E+00
  2.738868515366580780E+01  1.099999999999903944E+00  1.654556291764549891E-11  1.820011920543958186E-11  0.000000000000000000E+00  2.750000000123348221E-01  1.392516614689695181E-11  2.749999999984094612E-01  0.000000000000000000E+00
  2.752843821869424090E+01  1.099999999999903944E+00  1.654556291648082861E-11  1.820011920596897745E-11  0.000000000000000000E+00  2.750000000123339894E-01  1.386088677865123669E-11  2.749999999984730215E-01  0.000000000000000000E+00
  2.766819124456572254E+01  1.099999999999903944E+00  1.654556291663964728E-11  1.820011920443373023E-11  0.000000000000000000E+00  2.750000000123329347E-01  1.375719577053175327E-11  2.749999999985758281E-01  0.000000000000000000E+00
  2.780794430096552361E+01  1.099999999999903499E+00  1.654556291732786155E-11  1.820011920518811895E-11  0.000000000000000000E+00  2.750000000123320465E-01  1.366303924006869941E-11  2.749999999986690868E-01  0.000000000000000000E+00
  2.794769735104322805E+01  1.099999999999903277E+00  1.654556291648082861E-11  1.820011920512194450E-11  0.000000000000000000E+00  2.750000000123311583E-01  1.361839316647570296E-11  2.749999999987127741E-01  0.000000000000000000E+00
  2.808745038999428090E+01  1.099999999999902833E+00  1.654556291637494949E-11  1.820011920453960935E-11  0.000000000000000000E+00  2.750000000123302701E-01  1.361981846766287722E-11  2.749999999987104427E-01  0.000000000000000000E+00
  2.822720346257483826E+01  1.099999999999902167E+00  1.654556291690434508E-11  1.820011920459254891E-11  0.000000000000000000E+00  2.750000000123293264E-01  1.362384784427051120E-11  2.749999999987054466E-01  0.000000000000000000E+00
  2.836695649437204736E+01  1.099999999999901945E+00  1.654556291753961979E-11  1.820011920459254891E-11  0.000000000000000000E+00  2.750000000123283272E-01  1.358472106292939974E-11  2.749999999987435828E-01  0.000000000000000000E+00
  2.850670957219493928E+01  1.099999999999901723E+00  1.654556291685140552E-11  1.820011920469842803E-11  0.000000000000000000E+00  2.750000000123273836E-01  1.349560933210514835E-11  2.749999999988318455E-01  0.000000000000000000E+00
  2.864646261753963330E+01  1.099999999999901501E+00  1.654556291833371318E-11  1.820011920448666979E-11  0.000000000000000000E+00  2.750000000123263844E-01  1.339306271958349194E-11  2.749999999989334865E-01  0.000000000000000000E+00
  2.878621568263059771E+01  1.099999999999900613E+00  1.654556291800945838E-11  1.820011920457931402E-11  0.000000000000000000E+00  2.750000000123256072E-01  1.332580564877942196E-11  2.749999999989997113E-01  0.000000000000000000E+00
  2.892596875353717678E+01  1.099999999999900391E+00  1.654556291822783406E-11  1.820011920453960935E-11  0.000000000000000000E+00  2.750000000123244970E-01  1.331117058753572190E-11  2.749999999990133670E-01  0.000000000000000000E+00
  2.906572180233356306E+01  1.099999999999900613E+00  1.654556291881016921E-11  1.820011920528076318E-11  0.000000000000000000E+00  2.750000000123236643E-01  1.332032280507617269E-11  2.749999999990034305E-01  0.000000000000000000E+00
  2.920547489180153988E+01  1.099999999999900169E+00  1.654556291828077362E-11  1.820011920543958186E-11  0.000000000000000000E+00  2.750000000123226096E-01  1.330426858566769903E-11  2.749999999990184185E-01  0.000000000000000000E+00
  2.934522793901621185E+01  1.099999999999899725E+00  1.654556291881016921E-11  1.820011920517488406E-11  0.000000000000000000E+00  2.750000000123218324E-01  1.323604226225849427E-11  2.749999999990856425E-01  0.000000000000000000E+00
  2.948498102794521003E+01  1.099999999999899281E+00  1.654556291817489450E-11  1.820011920469842803E-11  0.000000000000000000E+00  2.750000000123206112E-01  1.313539386224737149E-11  2.749999999991853405E-01  0.000000000000000000E+00
  2.962473409362321775E+01  1.099999999999899059E+00  1.654556291853223652E-11  1.820011920386462997E-11  0.000000000000000000E+00  2.750000000123198340E-01  1.304993297868987057E-11  2.749999999992698285E-01  0.000000000000000000E+00
  2.976448716697091967E+01  1.099999999999898836E+00  1.654556291886310877E-11  1.820011920453960935E-11  0.000000000000000000E+00  2.750000000123189459E-01  1.301412979349240037E-11  2.749999999993046895E-01  0.000000000000000000E+00
  2.990424025794699503E+01  1.099999999999898392E+00  1.654556291822783406E-11  1.820011920485724671E-11  0.000000000000000000E+00  2.750000000123179467E-01  1.301873549387699519E-11  2.749999999992991384E-01  0.000000000000000000E+00
  3.004399331764902925E+01  1.099999999999897948E+00  1.654556291933956480E-11  1.820011920491018627E-11  0.000000000000000000E+00  2.750000000123168364E-01  1.301905688713880428E-11  2.749999999992979172E-01  0.000000000000000000E+00
  3.018374642223666626E+01  1.099999999999898170E+00  1.654556291817489450E-11  1.820011920491018627E-11  0.000000000000000000E+00  2.750000000123158372E-01  1.297508591698279372E-11  2.749999999993408828E-01  0.000000000000000000E+00
  3.032349948630108827E+01  1.099999999999897060E+00  1.654556291806901538E-11  1.820011920379845552E-11  0.000000000000000000E+00  2.750000000123149491E-01  1.288545780747890691E-11  2.749999999994294231E-01  0.000000000000000000E+00
  3.046325258503764388E+01  1.099999999999896838E+00  1.654556291896898789E-11  1.820011920448666979E-11  0.000000000000000000E+00  2.750000000123139499E-01  1.278959501240297783E-11  2.749999999995244582E-01  0.000000000000000000E+00
  3.060300567120225068E+01  1.099999999999896616E+00  1.654556291977631617E-11  1.820011920424844178E-11  0.000000000000000000E+00  2.750000000123129507E-01  1.273178706613247454E-11  2.749999999995812461E-01  0.000000000000000000E+00
  3.074275875302640060E+01  1.099999999999896394E+00  1.654556291971014172E-11  1.820011920432785112E-11  0.000000000000000000E+00  2.750000000123120625E-01  1.272299554363303701E-11  2.749999999995890732E-01  0.000000000000000000E+00
  3.088251186264423609E+01  1.099999999999895728E+00  1.654556291912780657E-11  1.820011920438079067E-11  0.000000000000000000E+00  2.750000000123110078E-01  1.273135969750069863E-11  2.749999999995798028E-01  0.000000000000000000E+00
  3.102226493479043512E+01  1.099999999999895728E+00  1.654556291944544392E-11  1.820011920416903244E-11  0.000000000000000000E+00  2.750000000123100641E-01  1.270997208097445718E-11  2.749999999996001754E-01  0.000000000000000000E+00
  3.116201805254656776E+01  1.099999999999895284E+00  1.654556291976308128E-11  1.820011920506900494E-11  0.000000000000000000E+00  2.750000000123091204E-01  1.263903525067651249E-11  2.749999999996700639E-01  0.000000000000000000E+00
  3.130177113491366114E+01  1.099999999999895284E+00  1.654556291833371318E-11  1.820011920464548847E-11  0.000000000000000000E+00  2.750000000123082322E-01  1.254185429465379637E-11  2.749999999997663203E-01  0.000000000000000000E+00
  3.144152424226046705E+01  1.099999999999895284E+00  1.654556291922706824E-11  1.820011920457931402E-11  0.000000000000000000E+00  2.750000000123071775E-01  1.246524757311937321E-11  2.749999999998419820E-01  0.000000000000000000E+00
  3.158127734893782090E+01  1.099999999999893729E+00  1.654556291907486701E-11  1.820011920475136759E-11  0.000000000000000000E+00  2.750000000123062893E-01  1.243747951450974814E-11  2.749999999998687383E-01  0.000000000000000000E+00
  3.172103043957062951E+01  1.099999999999894396E+00  1.654556291933956480E-11  1.820011920501606538E-11  0.000000000000000000E+00  2.750000000123052901E-01  1.244397264075030832E-11  2.749999999998613553E-01  0.000000000000000000E+00
  3.186078356644280518E+01  1.099999999999893951E+00  1.654556292018659775E-11  1.820011920427491156E-11  0.000000000000000000E+00  2.750000000123042909E-01  1.244059883954027315E-11  2.749999999998635203E-01  0.000000000000000000E+00
  3.200053665245596335E+01  1.099999999999893507E+00  1.654556292050423510E-11  1.820011920491018627E-11  0.000000000000000000E+00  2.750000000123032917E-01  1.239184620597760755E-11  2.749999999999114264E-01  0.000000000000000000E+00
  3.214028978180006391E+01  1.099999999999893063E+00  1.654556291981602084E-11  1.820011920432785112E-11  0.000000000000000000E+00  2.750000000123022370E-01  1.230296970004010439E-11  2.749999999999993561E-01  0.000000000000000000E+00
  3.228004288328701676E+01  1.099999999999892175E+00  1.654556291971014172E-11  1.820011920488371649E-11  0.000000000000000000E+00  2.750000000123012933E-01  1.221392546711526033E-11  2.750000000000872857E-01  0.000000000000000000E+00
  3.241979599876336948E+01  1.099999999999893285E+00  1.654556291994836973E-11  1.820011920447343490E-11  0.000000000000000000E+00  2.750000000123004051E-01  1.216508700390132718E-11  2.750000000001351919E-01  0.000000000000000000E+00
  3.255954912516587285E+01  1.099999999999891953E+00  1.654556291997483951E-11  1.820011920480430715E-11  0.000000000000000000E+00  2.750000000122994059E-01  1.216126149155750334E-11  2.750000000001381895E-01  0.000000000000000000E+00
  3.269930222567381151E+01  1.099999999999892175E+00  1.654556291986896039E-11  1.820011920517488406E-11  0.000000000000000000E+00  2.750000000122984067E-01  1.216776527713210817E-11  2.750000000001306399E-01  0.000000000000000000E+00
  3.283905536799862546E+01  1.099999999999891953E+00  1.654556292018659775E-11  1.820011920469842803E-11  0.000000000000000000E+00  2.750000000122972965E-01  1.214161822996894735E-11  2.750000000001556200E-01  0.000000000000000000E+00
  3.297880846953712819E+01  1.099999999999891731E+00  1.654556292029247687E-11  1.820011920432785112E-11  0.000000000000000000E+00  2.750000000122962973E-01  1.206834889799748312E-11  2.750000000002281175E-01  0.000000000000000000E+00
  3.311856160886146938E+01  1.099999999999891731E+00  1.654556291955132304E-11  1.820011920517488406E-11  0.000000000000000000E+00  2.750000000122954091E-01  1.197562342603124843E-11  2.750000000003197109E-01  0.000000000000000000E+00
  3.325831473009350958E+01  1.099999999999890399E+00  1.654556292029351084E-11  1.820011920449949109E-11  0.000000000000000000E+00  2.750000000122942989E-01  1.190761077805619531E-11  2.750000000003867129E-01  0.000000000000000000E+00
  3.339806785338716111E+01  1.099999999999890843E+00  1.654556291986896039E-11  1.820011920435432089E-11  0.000000000000000000E+00  2.750000000122932997E-01  1.188691091420221371E-11  2.750000000004063638E-01  0.000000000000000000E+00
  3.353782099852957543E+01  1.099999999999889733E+00  1.654556291960426260E-11  1.820011920475136759E-11  0.000000000000000000E+00  2.750000000122924115E-01  1.189461160997686453E-11  2.750000000003977041E-01  0.000000000000000000E+00
  3.367757411012137680E+01  1.099999999999889955E+00  1.654556291881016921E-11  1.820011920459254891E-11  0.000000000000000000E+00  2.750000000122913013E-01  1.188688938433890839E-11  2.750000000004043654E-01  0.000000000000000000E+00
  3.381732726612491291E+01  1.099999999999889511E+00  1.654556291923368568E-11  1.820011920353375773E-11  0.000000000000000000E+00  2.750000000122903021E-01  1.183436340149008309E-11  2.750000000004558798E-01  0.000000000000000000E+00
  3.395708038458766254E+01  1.099999999999889733E+00  1.654556291933956480E-11  1.820011920416903244E-11  0.000000000000000000E+00  2.750000000122891919E-01  1.174668964236095484E-11  2.750000000005426437E-01  0.000000000000000000E+00
  3.409683353268101058E+01  1.099999999999889289E+00  1.654556291959102771E-11  1.820011920428814645E-11  0.000000000000000000E+00  2.750000000122883037E-01  1.166494003858109981E-11  2.750000000006233014E-01  0.000000000000000000E+00
  3.423658667378415998E+01  1.099999999999888844E+00  1.654556292008071863E-11  1.820011920438079067E-11  0.000000000000000000E+00  2.750000000122873045E-01  1.162445589052508995E-11  2.750000000006628809E-01  0.000000000000000000E+00
  3.437633980520515564E+01  1.099999999999887956E+00  1.654556292029247687E-11  1.820011920438079067E-11  0.000000000000000000E+00  2.750000000122861943E-01  1.162440140985708043E-11  2.750000000006618261E-01  0.000000000000000000E+00
  3.451609296779144387E+01  1.099999999999888178E+00  1.654556292103363070E-11  1.820011920501606538E-11  0.000000000000000000E+00  2.750000000122851951E-01  1.162878196921832092E-11  2.750000000006564416E-01  0.000000000000000000E+00
  3.465584609191437693E+01  1.099999999999887734E+00  1.654556292209242188E-11  1.820011920469842803E-11  0.000000000000000000E+00  2.750000000122843069E-01  1.159769774245670539E-11  2.750000000006866951E-01  0.000000000000000000E+00
  3.479559925987254587E+01  1.099999999999887734E+00  1.654556292098069114E-11  1.820011920549252142E-11  0.000000000000000000E+00  2.750000000122831967E-01  1.152329238441630989E-11  2.750000000007599699E-01  0.000000000000000000E+00
  3.493535239628717903E+01  1.099999999999887068E+00  1.654556292090128180E-11  1.820011920483077693E-11  0.000000000000000000E+00  2.750000000122820309E-01  1.143530810324121250E-11  2.750000000008469003E-01  0.000000000000000000E+00
  3.507510555235050731E+01  1.099999999999886846E+00  1.654556292171522752E-11  1.820011920457931402E-11  0.000000000000000000E+00  2.750000000122811983E-01  1.137576002091461433E-11  2.750000000009054091E-01  0.000000000000000000E+00
  3.521485871282483515E+01  1.099999999999885736E+00  1.654556292161596585E-11  1.820011920448666979E-11  0.000000000000000000E+00  2.750000000122801436E-01  1.136132492075363593E-11  2.750000000009189538E-01  0.000000000000000000E+00
  3.535461185318370525E+01  1.099999999999885514E+00  1.654556292193360320E-11  1.820011920549252142E-11  0.000000000000000000E+00  2.750000000122791999E-01  1.136909985294465717E-11  2.750000000009100720E-01  0.000000000000000000E+00
  3.549436503152762157E+01  1.099999999999885514E+00  1.654556292198654276E-11  1.820011920395727420E-11  0.000000000000000000E+00  2.750000000122780341E-01  1.135728818840464694E-11  2.750000000009208412E-01  0.000000000000000000E+00
  3.563411816981157898E+01  1.099999999999885070E+00  1.654556292230418012E-11  1.820011920538664230E-11  0.000000000000000000E+00  2.750000000122770905E-01  1.130119839599967805E-11  2.750000000009759082E-01  0.000000000000000000E+00
  3.577387134801410440E+01  1.099999999999885292E+00  1.654556292129832849E-11  1.820011920506900494E-11  0.000000000000000000E+00  2.750000000122759802E-01  1.121581657639671123E-11  2.750000000010603407E-01  0.000000000000000000E+00
  3.591362450329815914E+01  1.099999999999884182E+00  1.654556292201301254E-11  1.820011920497636072E-11  0.000000000000000000E+00  2.750000000122749810E-01  1.114132118033255300E-11  2.750000000011336709E-01  0.000000000000000000E+00
  3.605337766678849221E+01  1.099999999999884182E+00  1.654556292180125431E-11  1.820011920504253516E-11  0.000000000000000000E+00  2.750000000122739818E-01  1.110851896193709735E-11  2.750000000011654233E-01  0.000000000000000000E+00
  3.619313084602319464E+01  1.099999999999883293E+00  1.654556292172184497E-11  1.820011920485724671E-11  0.000000000000000000E+00  2.750000000122730937E-01  1.111148245522841360E-11  2.750000000011614265E-01  0.000000000000000000E+00
  3.633288399623304343E+01  1.099999999999883071E+00  1.654556292177478453E-11  1.820011920501606538E-11  0.000000000000000000E+00  2.750000000122719834E-01  1.111290693743674896E-11  2.750000000011589840E-01  0.000000000000000000E+00
  3.647263718872159188E+01  1.099999999999882627E+00  1.654556292124538893E-11  1.820011920528076318E-11  0.000000000000000000E+00  2.750000000122708732E-01  1.107762568337482793E-11  2.750000000011932344E-01  0.000000000000000000E+00
  3.661239034247287805E+01  1.099999999999882849E+00  1.654556292055717466E-11  1.820011920501606538E-11  0.000000000000000000E+00  2.750000000122697630E-01  1.100248777288347567E-11  2.750000000012672863E-01  0.000000000000000000E+00
  3.675214352971630660E+01  1.099999999999882405E+00  1.654556292037188621E-11  1.820011920453960935E-11  0.000000000000000000E+00  2.750000000122687638E-01  1.091996375565504893E-11  2.750000000013487766E-01  0.000000000000000000E+00
  3.689189670405686883E+01  1.099999999999882183E+00  1.654556292068952356E-11  1.820011920456607913E-11  0.000000000000000000E+00  2.750000000122676536E-01  1.086847739218915993E-11  2.750000000013993473E-01  0.000000000000000000E+00
  3.703164987519817686E+01  1.099999999999881295E+00  1.654556292087481202E-11  1.820011920438079067E-11  0.000000000000000000E+00  2.750000000122665433E-01  1.085928439923167590E-11  2.750000000014073409E-01  0.000000000000000000E+00
  3.717140307190636150E+01  1.099999999999881073E+00  1.654556291955132304E-11  1.820011920475136759E-11  0.000000000000000000E+00  2.750000000122655996E-01  1.086666606964900329E-11  2.750000000013989032E-01  0.000000000000000000E+00
  3.731115623340598830E+01  1.099999999999880629E+00  1.654556292124538893E-11  1.820011920438079067E-11  0.000000000000000000E+00  2.750000000122646560E-01  1.085035919970002966E-11  2.750000000014142798E-01  0.000000000000000000E+00
  3.745090943818747320E+01  1.099999999999880629E+00  1.654556292023953731E-11  1.820011920459254891E-11  0.000000000000000000E+00  2.750000000122634347E-01  1.079175282387837737E-11  2.750000000014716783E-01  0.000000000000000000E+00
  3.759066260877225574E+01  1.099999999999880185E+00  1.654556291986896039E-11  1.820011920485724671E-11  0.000000000000000000E+00  2.750000000122624355E-01  1.070902948296173998E-11  2.750000000015533352E-01  0.000000000000000000E+00
  3.773041580390275129E+01  1.099999999999879741E+00  1.654556292117259704E-11  1.820011920469842803E-11  0.000000000000000000E+00  2.750000000122613808E-01  1.064197661411895232E-11  2.750000000016193935E-01  0.000000000000000000E+00
  3.787016899731301578E+01  1.099999999999879519E+00  1.654556292079540268E-11  1.820011920493665605E-11  0.000000000000000000E+00  2.750000000122602706E-01  1.061618555792131548E-11  2.750000000016441515E-01  0.000000000000000000E+00
  3.800992217643348425E+01  1.099999999999879519E+00  1.654556292098069114E-11  1.820011920496312583E-11  0.000000000000000000E+00  2.750000000122592159E-01  1.062105578941114464E-11  2.750000000016382118E-01  0.000000000000000000E+00
  3.814967538923509949E+01  1.099999999999878852E+00  1.654556292029247687E-11  1.820011920549252142E-11  0.000000000000000000E+00  2.750000000122581612E-01  1.061950193658204605E-11  2.750000000016386004E-01  0.000000000000000000E+00
  3.828942856343117285E+01  1.099999999999879075E+00  1.654556292061011422E-11  1.820011920453960935E-11  0.000000000000000000E+00  2.750000000122570509E-01  1.058003436731699804E-11  2.750000000016771251E-01  0.000000000000000000E+00
  3.842918177892725851E+01  1.099999999999878186E+00  1.654556292129832849E-11  1.820011920522782362E-11  0.000000000000000000E+00  2.750000000122561072E-01  1.050526089355923301E-11  2.750000000017508439E-01  0.000000000000000000E+00
  3.856893496728002901E+01  1.099999999999877520E+00  1.654556292100716092E-11  1.820011920530723296E-11  0.000000000000000000E+00  2.750000000122548860E-01  1.042833237843379233E-11  2.750000000018266166E-01  0.000000000000000000E+00
  3.870868816975022497E+01  1.099999999999877076E+00  1.654556292078216779E-11  1.820011920615426591E-11  0.000000000000000000E+00  2.750000000122539978E-01  1.038454508929992826E-11  2.750000000018694157E-01  0.000000000000000000E+00
  3.884844138164390159E+01  1.099999999999877298E+00  1.654556292092775158E-11  1.820011920586309833E-11  0.000000000000000000E+00  2.750000000122527766E-01  1.037984739670572065E-11  2.750000000018731350E-01  0.000000000000000000E+00
  3.898819456962844754E+01  1.099999999999877076E+00  1.654556292129832849E-11  1.820011920591603789E-11  0.000000000000000000E+00  2.750000000122518329E-01  1.038589073910142076E-11  2.750000000018660296E-01  0.000000000000000000E+00
  3.912794779689497915E+01  1.099999999999876632E+00  1.654556291955132304E-11  1.820011920554546098E-11  0.000000000000000000E+00  2.750000000122507227E-01  1.036554800759498099E-11  2.750000000018852364E-01  0.000000000000000000E+00
  3.926770098528049147E+01  1.099999999999876188E+00  1.654556292124538893E-11  1.820011920575721921E-11  0.000000000000000000E+00  2.750000000122497235E-01  1.030472058967303182E-11  2.750000000019449664E-01  0.000000000000000000E+00
  3.940745421003714455E+01  1.099999999999876188E+00  1.654556292145714717E-11  1.820011920602191701E-11  0.000000000000000000E+00  2.750000000122486687E-01  1.022553408428088517E-11  2.750000000020232926E-01  0.000000000000000000E+00
  3.954720741667365758E+01  1.099999999999875522E+00  1.654556292167055977E-11  1.820011920600537340E-11  0.000000000000000000E+00  2.750000000122475585E-01  1.016572869410273235E-11  2.750000000020819124E-01  0.000000000000000000E+00
  3.968696062627933685E+01  1.099999999999875744E+00  1.654556292074246312E-11  1.820011920570427965E-11  0.000000000000000000E+00  2.750000000122464483E-01  1.014615294262893623E-11  2.750000000021003421E-01  0.000000000000000000E+00
  3.982671385562677813E+01  1.099999999999874412E+00  1.654556292113950982E-11  1.820011920607485657E-11  0.000000000000000000E+00  2.750000000122453381E-01  1.015233451828718336E-11  2.750000000020931257E-01  0.000000000000000000E+00
  3.996646705370476127E+01  1.099999999999873967E+00  1.654556292103363070E-11  1.820011920549252142E-11  0.000000000000000000E+00  2.750000000122443389E-01  1.014720215808089608E-11  2.750000000020971225E-01  0.000000000000000000E+00
  4.010622029368718700E+01  1.099999999999873523E+00  1.654556292087481202E-11  1.820011920559840054E-11  0.000000000000000000E+00  2.750000000122433397E-01  1.010439134384500187E-11  2.750000000021388669E-01  0.000000000000000000E+00
  4.024597349770098731E+01  1.099999999999873967E+00  1.654556292087481202E-11  1.820011920681601040E-11  0.000000000000000000E+00  2.750000000122422295E-01  1.003036026709273358E-11  2.750000000022118085E-01  0.000000000000000000E+00
  4.038572673046379435E+01  1.099999999999873079E+00  1.654556292102039581E-11  1.820011920604838679E-11  0.000000000000000000E+00  2.750000000122412303E-01  9.959480797448378380E-12  2.750000000022817526E-01  0.000000000000000000E+00
  4.052547995563976713E+01  1.099999999999872857E+00  1.654556292169537519E-11  1.820011920653807771E-11  0.000000000000000000E+00  2.750000000122400645E-01  9.922890584466783498E-12  2.750000000023171132E-01  0.000000000000000000E+00
  4.066523317250494074E+01  1.099999999999872413E+00  1.654556292214536144E-11  1.820011920644543348E-11  0.000000000000000000E+00  2.750000000122388988E-01  9.921674296351505165E-12  2.750000000023172242E-01  0.000000000000000000E+00
  4.080498641819309569E+01  1.099999999999872413E+00  1.654556292193360320E-11  1.820011920702776863E-11  0.000000000000000000E+00  2.750000000122377886E-01  9.926127468705988767E-12  2.750000000023116176E-01  0.000000000000000000E+00
  4.094473962764202923E+01  1.099999999999872191E+00  1.654556292230418012E-11  1.820011920660425216E-11  0.000000000000000000E+00  2.750000000122367894E-01  9.901553382893799409E-12  2.750000000023352653E-01  0.000000000000000000E+00
  4.108449287878543288E+01  1.099999999999871969E+00  1.654556292325709218E-11  1.820011920549252142E-11  0.000000000000000000E+00  2.750000000122356791E-01  9.839528328899938506E-12  2.750000000023961055E-01  0.000000000000000000E+00
  4.122424609937553441E+01  1.099999999999871303E+00  1.654556292206595210E-11  1.820011920588956811E-11  0.000000000000000000E+00  2.750000000122345689E-01  9.764133803333300872E-12  2.750000000024705460E-01  0.000000000000000000E+00
  4.136399933943028628E+01  1.099999999999871303E+00  1.654556292226447545E-11  1.820011920642558115E-11  0.000000000000000000E+00  2.750000000122335697E-01  9.711513336497115798E-12  2.750000000025221158E-01  0.000000000000000000E+00
  4.150375258266482348E+01  1.099999999999870859E+00  1.654556292219830100E-11  1.820011920678954062E-11  0.000000000000000000E+00  2.750000000122324595E-01  9.697477839921913301E-12  2.750000000025349389E-01  0.000000000000000000E+00
  4.164350580758816278E+01  1.099999999999870415E+00  1.654556292188066364E-11  1.820011920671013128E-11  0.000000000000000000E+00  2.750000000122314603E-01  9.703986190747186709E-12  2.750000000025274449E-01  0.000000000000000000E+00
  4.178325906802110978E+01  1.099999999999869971E+00  1.654556292230418012E-11  1.820011920655131260E-11  0.000000000000000000E+00  2.750000000122303501E-01  9.695465510307026581E-12  2.750000000025349944E-01  0.000000000000000000E+00
  4.192301229041823518E+01  1.099999999999869749E+00  1.654556292325709218E-11  1.820011920633955436E-11  0.000000000000000000E+00  2.750000000122293509E-01  9.649456432192431471E-12  2.750000000025797919E-01  0.000000000000000000E+00
  4.206276555107456261E+01  1.099999999999869083E+00  1.654556292230418012E-11  1.820011920660425216E-11  0.000000000000000000E+00  2.750000000122282406E-01  9.577120441954394800E-12  2.750000000026510127E-01  0.000000000000000000E+00
  4.220251878913406784E+01  1.099999999999868638E+00  1.654556292201301254E-11  1.820011920624691014E-11  0.000000000000000000E+00  2.750000000122273525E-01  9.512278203806516861E-12  2.750000000027149616E-01  0.000000000000000000E+00
  4.234227203590841526E+01  1.099999999999867750E+00  1.654556292153655651E-11  1.820011920665719172E-11  0.000000000000000000E+00  2.750000000122261312E-01  9.482348230356466284E-12  2.750000000027437719E-01  0.000000000000000000E+00
  4.248202529663190319E+01  1.099999999999868194E+00  1.654556292256887791E-11  1.820011920628661481E-11  0.000000000000000000E+00  2.750000000122250210E-01  9.483964972341959665E-12  2.750000000027409408E-01  0.000000000000000000E+00
  4.262177853047093379E+01  1.099999999999867306E+00  1.654556292256887791E-11  1.820011920671013128E-11  0.000000000000000000E+00  2.750000000122239108E-01  9.486082758634691106E-12  2.750000000027378877E-01  0.000000000000000000E+00
  4.276153180410463506E+01  1.099999999999867084E+00  1.654556292235711968E-11  1.820011920623367525E-11  0.000000000000000000E+00  2.750000000122226895E-01  9.457885345639457163E-12  2.750000000027649216E-01  0.000000000000000000E+00
  4.290128504074677807E+01  1.099999999999866640E+00  1.654556292214536144E-11  1.820011920697482908E-11  0.000000000000000000E+00  2.750000000122215793E-01  9.394990157339951040E-12  2.750000000028267055E-01  0.000000000000000000E+00
  4.304103830970166200E+01  1.099999999999865974E+00  1.654556292193360320E-11  1.820011920723952687E-11  0.000000000000000000E+00  2.750000000122206911E-01  9.324040277692577986E-12  2.750000000028965941E-01  0.000000000000000000E+00
  4.318079156552736464E+01  1.099999999999865974E+00  1.654556292203286488E-11  1.820011920637925903E-11  0.000000000000000000E+00  2.750000000122195809E-01  9.278285227319140302E-12  2.750000000029413361E-01  0.000000000000000000E+00
  4.332054481915216115E+01  1.099999999999865530E+00  1.654556292177478453E-11  1.820011920649837304E-11  0.000000000000000000E+00  2.750000000122185817E-01  9.268934858113982387E-12  2.750000000029496627E-01  0.000000000000000000E+00
  4.346029809626242724E+01  1.099999999999865308E+00  1.654556292129832849E-11  1.820011920697482908E-11  0.000000000000000000E+00  2.750000000122174160E-01  9.275350854012606844E-12  2.750000000029420577E-01  0.000000000000000000E+00
  4.360005134032960683E+01  1.099999999999865086E+00  1.654556292177478453E-11  1.820011920718658731E-11  0.000000000000000000E+00  2.750000000122163057E-01  9.263054194874791547E-12  2.750000000029532710E-01  0.000000000000000000E+00
  4.373980462545873849E+01  1.099999999999864642E+00  1.654556292182772408E-11  1.820011920729246643E-11  0.000000000000000000E+00  2.750000000122151955E-01  9.214732460235393612E-12  2.750000000030004554E-01  0.000000000000000000E+00
  4.387955787757936577E+01  1.099999999999864420E+00  1.654556292219830100E-11  1.820011920639249392E-11  0.000000000000000000E+00  2.750000000122141963E-01  9.144405965252926852E-12  2.750000000030697889E-01  0.000000000000000000E+00
  4.401931115378550174E+01  1.099999999999863531E+00  1.654556292275416637E-11  1.820011920619397058E-11  0.000000000000000000E+00  2.750000000122131416E-01  9.085807177855836239E-12  2.750000000031273539E-01  0.000000000000000000E+00
  4.415906442729927761E+01  1.099999999999863753E+00  1.654556292280710593E-11  1.820011920737187577E-11  0.000000000000000000E+00  2.750000000122120869E-01  9.061981689187294454E-12  2.750000000031501135E-01  0.000000000000000000E+00
  4.429881768817115528E+01  1.099999999999862865E+00  1.654556292256887791E-11  1.820011920681601040E-11  0.000000000000000000E+00  2.750000000122109767E-01  9.065478417390851737E-12  2.750000000031453951E-01  0.000000000000000000E+00
  4.443857098030026265E+01  1.099999999999862865E+00  1.654556292203948232E-11  1.820011920739834555E-11  0.000000000000000000E+00  2.750000000122099220E-01  9.065213866059196729E-12  2.750000000031447844E-01  0.000000000000000000E+00
  4.457832423599833760E+01  1.099999999999862643E+00  1.654556292251593835E-11  1.820011920729246643E-11  0.000000000000000000E+00  2.750000000122088117E-01  9.033364845616062877E-12  2.750000000031754821E-01  0.000000000000000000E+00
  4.471807753103088601E+01  1.099999999999861755E+00  1.654556292293945483E-11  1.820011920798068070E-11  0.000000000000000000E+00  2.750000000122078125E-01  8.970546995076291278E-12  2.750000000032372660E-01  0.000000000000000000E+00
  4.485783079964436126E+01  1.099999999999861755E+00  1.654556292280710593E-11  1.820011920766304334E-11  0.000000000000000000E+00  2.750000000122067023E-01  8.904173223245267857E-12  2.750000000033026026E-01  0.000000000000000000E+00
  4.499758408244093033E+01  1.099999999999861089E+00  1.654556292244976391E-11  1.820011920794097603E-11  0.000000000000000000E+00  2.750000000122055366E-01  8.865015074126791016E-12  2.750000000033405168E-01  0.000000000000000000E+00
  4.513733737327156348E+01  1.099999999999860645E+00  1.654556292251593835E-11  1.820011920819243894E-11  0.000000000000000000E+00  2.750000000122044264E-01  8.859715496875546131E-12  2.750000000033447356E-01  0.000000000000000000E+00
  4.527709064209738443E+01  1.099999999999860423E+00  1.654556292198654276E-11  1.820011920750422467E-11  0.000000000000000000E+00  2.750000000122033716E-01  8.865208415154133637E-12  2.750000000033383518E-01  0.000000000000000000E+00
  4.541684394777814049E+01  1.099999999999860645E+00  1.654556292267475703E-11  1.820011920813949938E-11  0.000000000000000000E+00  2.750000000122023724E-01  8.849501272133600401E-12  2.750000000033529512E-01  0.000000000000000000E+00
  4.555659721644008187E+01  1.099999999999859313E+00  1.654556292098069114E-11  1.820011920824537850E-11  0.000000000000000000E+00  2.750000000122013732E-01  8.799094360870080907E-12  2.750000000034022452E-01  0.000000000000000000E+00
  4.569635052006125164E+01  1.099999999999859090E+00  1.654556292119244937E-11  1.820011920758363401E-11  0.000000000000000000E+00  2.750000000122002630E-01  8.731556077232834478E-12  2.750000000034687475E-01  0.000000000000000000E+00
  4.583610380561596287E+01  1.099999999999858868E+00  1.654556292203948232E-11  1.820011920708070819E-11  0.000000000000000000E+00  2.750000000121991528E-01  8.679056942473883700E-12  2.750000000035200953E-01  0.000000000000000000E+00
  4.597585709490962103E+01  1.099999999999857980E+00  1.654556292233064990E-11  1.820011920729246643E-11  0.000000000000000000E+00  2.750000000121979871E-01  8.660683521852301730E-12  2.750000000035374703E-01  0.000000000000000000E+00
  4.611561040204900763E+01  1.099999999999857980E+00  1.654556292209242188E-11  1.820011920771598290E-11  0.000000000000000000E+00  2.750000000121970989E-01  8.665540197557841294E-12  2.750000000035315306E-01  0.000000000000000000E+00
  4.625536368002830301E+01  1.099999999999857536E+00  1.654556292193360320E-11  1.820011920776892246E-11  0.000000000000000000E+00  2.750000000121961552E-01  8.662345025050627347E-12  2.750000000035338621E-01  0.000000000000000000E+00
  4.639511699756366880E+01  1.099999999999856870E+00  1.654556292241005924E-11  1.820011920776892246E-11  0.000000000000000000E+00  2.750000000121949340E-01  8.627547941048855596E-12  2.750000000035674463E-01  0.000000000000000000E+00
  4.653487028059761599E+01  1.099999999999856648E+00  1.654556292219830100E-11  1.820011920787480158E-11  0.000000000000000000E+00  2.750000000121938792E-01  8.565122245365392095E-12  2.750000000036287862E-01  0.000000000000000000E+00
  4.667462359155847196E+01  1.099999999999856204E+00  1.654556292222477078E-11  1.820011920738511066E-11  0.000000000000000000E+00  2.750000000121929911E-01  8.503751853016985226E-12  2.750000000036890713E-01  0.000000000000000000E+00
  4.681437689437607474E+01  1.099999999999855982E+00  1.654556292141744250E-11  1.820011920747775489E-11  0.000000000000000000E+00  2.750000000121919363E-01  8.470782264473726929E-12  2.750000000037211012E-01  0.000000000000000000E+00
  4.695413019019287049E+01  1.099999999999855316E+00  1.654556292045129555E-11  1.820011920723952687E-11  0.000000000000000000E+00  2.750000000121908261E-01  8.468675112844119883E-12  2.750000000037221559E-01  0.000000000000000000E+00
  4.709388351260642480E+01  1.099999999999854872E+00  1.654556292108657026E-11  1.820011920761010379E-11  0.000000000000000000E+00  2.750000000121897714E-01  8.473007114667889743E-12  2.750000000037167158E-01  0.000000000000000000E+00
  4.723363680092510464E+01  1.099999999999853983E+00  1.654556292082187246E-11  1.820011920702776863E-11  0.000000000000000000E+00  2.750000000121887722E-01  8.453684866602014065E-12  2.750000000037350345E-01  0.000000000000000000E+00
  4.737339012884583411E+01  1.099999999999853539E+00  1.654556292129832849E-11  1.820011920776892246E-11  0.000000000000000000E+00  2.750000000121877175E-01  8.402066861467851634E-12  2.750000000037856607E-01  0.000000000000000000E+00
  4.751314342722361062E+01  1.099999999999853539E+00  1.654556292190713342E-11  1.820011920716011753E-11  0.000000000000000000E+00  2.750000000121864963E-01  8.337542651107522491E-12  2.750000000038489989E-01  0.000000000000000000E+00
  4.765289674482932725E+01  1.099999999999853095E+00  1.654556292166642387E-11  1.820011920746948308E-11  0.000000000000000000E+00  2.750000000121854415E-01  8.291131255925653668E-12  2.750000000038943515E-01  0.000000000000000000E+00
  4.779265006452932596E+01  1.099999999999852429E+00  1.654556292166890541E-11  1.820011920697482908E-11  0.000000000000000000E+00  2.750000000121845534E-01  8.277643776233297632E-12  2.750000000039068970E-01  0.000000000000000000E+00
  4.793240336755881970E+01  1.099999999999851763E+00  1.654556292225124056E-11  1.820011920708070819E-11  0.000000000000000000E+00  2.750000000121834987E-01  8.283006984699994173E-12  2.750000000039004577E-01  0.000000000000000000E+00
  4.807215670378926831E+01  1.099999999999851541E+00  1.654556292177478453E-11  1.820011920755716423E-11  0.000000000000000000E+00  2.750000000121824995E-01  8.277017279403645279E-12  2.750000000039055648E-01  0.000000000000000000E+00
  4.821191000390953718E+01  1.099999999999851097E+00  1.654556292108657026E-11  1.820011920665719172E-11  0.000000000000000000E+00  2.750000000121815003E-01  8.239365766654389254E-12  2.750000000039420356E-01  0.000000000000000000E+00
  4.835166334069450045E+01  1.099999999999850431E+00  1.654556292182772408E-11  1.820011920649837304E-11  0.000000000000000000E+00  2.750000000121805011E-01  8.178163836369305247E-12  2.750000000040023207E-01  0.000000000000000000E+00
  4.849141665522508760E+01  1.099999999999850431E+00  1.654556292168214030E-11  1.820011920700129885E-11  0.000000000000000000E+00  2.750000000121793353E-01  8.121805180818361918E-12  2.750000000040576653E-01  0.000000000000000000E+00
  4.863116997894587712E+01  1.099999999999849765E+00  1.654556292246299880E-11  1.820011920734540599E-11  0.000000000000000000E+00  2.750000000121783916E-01  8.094598874139427643E-12  2.750000000040837556E-01  0.000000000000000000E+00
  4.877092331491928690E+01  1.099999999999849543E+00  1.654556292241005924E-11  1.820011920808655982E-11  0.000000000000000000E+00  2.750000000121774479E-01  8.095127094469615426E-12  2.750000000040823123E-01  0.000000000000000000E+00
  4.891067662603776967E+01  1.099999999999849098E+00  1.654556292203948232E-11  1.820011920723952687E-11  0.000000000000000000E+00  2.750000000121762822E-01  8.097633799339191614E-12  2.750000000040787040E-01  0.000000000000000000E+00
  4.905042997456541798E+01  1.099999999999848432E+00  1.654556292225124056E-11  1.820011920766304334E-11  0.000000000000000000E+00  2.750000000121753385E-01  8.075194504479513626E-12  2.750000000041001313E-01  0.000000000000000000E+00
  4.919018328782232885E+01  1.099999999999848432E+00  1.654556292209242188E-11  1.820011920692188952E-11  0.000000000000000000E+00  2.750000000121742838E-01  8.022628884541773807E-12  2.750000000041518122E-01  0.000000000000000000E+00
  4.932993663220971570E+01  1.099999999999847766E+00  1.654556292267475703E-11  1.820011920761010379E-11  0.000000000000000000E+00  2.750000000121732291E-01  7.961708422135214145E-12  2.750000000042114867E-01  0.000000000000000000E+00
  4.946968996331077051E+01  1.099999999999847322E+00  1.654556292190713342E-11  1.820011920748437233E-11  0.000000000000000000E+00  2.750000000121722299E-01  7.921132780890607376E-12  2.750000000042512882E-01  0.000000000000000000E+00
  4.960944329313194601E+01  1.099999999999847322E+00  1.654556292190713342E-11  1.820011920702776863E-11  0.000000000000000000E+00  2.750000000121712862E-01  7.911818262053972656E-12  2.750000000042595594E-01  0.000000000000000000E+00
  4.974919664447043033E+01  1.099999999999846212E+00  1.654556292214536144E-11  1.820011920655131260E-11  0.000000000000000000E+00  2.750000000121701760E-01  7.917313987660099229E-12  2.750000000042529535E-01  0.000000000000000000E+00
  4.988894996483474387E+01  1.099999999999845324E+00  1.654556292246299880E-11  1.820011920739834555E-11  0.000000000000000000E+00  2.750000000121692878E-01  7.908163623581733179E-12  2.750000000042611692E-01  0.000000000000000000E+00
