  #time                     mass                      x-momentum                y-momentum                z-momentum                E_total                   E_kinetic                 E_internal                MagEnergy                
  0.000000000000000000E+00  1.100000000000000089E+00  1.654556291383126571E-11  1.820011920615491860E-11  0.000000000000000000E+00  2.750000000124435129E-01  2.749999999486495520E-11  2.749999999849435106E-01  0.000000000000000000E+00
  1.368877338946310196E-01  1.100000000000000533E+00  1.654556291404560888E-11  1.820011920671013128E-11  0.000000000000000000E+00  2.750000000124435129E-01  2.739039148065369792E-11  2.749999999850530341E-01  0.000000000000000000E+00
  2.766402973763458228E-01  1.100000000000000755E+00  1.654556291341033417E-11  1.820011920702776863E-11  0.000000000000000000E+00  2.750000000124434019E-01  2.731948222193302745E-11  2.749999999851239774E-01  0.000000000000000000E+00
  4.163929261099088563E-01  1.100000000000000311E+00  1.654556291341033417E-11  1.820011920723952687E-11  0.000000000000000000E+00  2.750000000124435684E-01  2.721759416610735174E-11  2.749999999852258958E-01  0.000000000000000000E+00
  5.561455092920708498E-01  1.099999999999999645E+00  1.654556291341033417E-11  1.820011920692188952E-11  0.000000000000000000E+00  2.750000000124435129E-01  2.701839848399042049E-11  2.749999999854251254E-01  0.000000000000000000E+00
  6.958981485426143365E-01  1.100000000000000311E+00  1.654556291468088359E-11  1.820011920591603789E-11  0.000000000000000000E+00  2.750000000124435129E-01  2.672844611716096267E-11  2.749999999857150601E-01  0.000000000000000000E+00
  8.356507717612274844E-01  1.100000000000000089E+00  1.654556291423089734E-11  1.820011920522782362E-11  0.000000000000000000E+00  2.750000000124435129E-01  2.641240671816183183E-11  2.749999999860311406E-01  0.000000000000000000E+00
  9.754034013922715518E-01  1.100000000000000533E+00  1.654556291528968852E-11  1.820011920676307084E-11  0.000000000000000000E+00  2.750000000124432908E-01  2.616648702339738826E-11  2.749999999862771105E-01  0.000000000000000000E+00
  1.115156068339778095E+00  1.100000000000000533E+00  1.654556291552791654E-11  1.820011920649837304E-11  0.000000000000000000E+00  2.750000000124435129E-01  2.602660361829003957E-11  2.749999999864169986E-01  0.000000000000000000E+00
  1.254908693997674796E+00  1.100000000000000533E+00  1.654556291446912536E-11  1.820011920575721921E-11  0.000000000000000000E+00  2.750000000124434574E-01  2.594790456126777225E-11  2.749999999864957134E-01  0.000000000000000000E+00
  1.394661383563579493E+00  1.100000000000000311E+00  1.654556291446912536E-11  1.820011920713364775E-11  0.000000000000000000E+00  2.750000000124435129E-01  2.583074993986144872E-11  2.749999999866128420E-01  0.000000000000000000E+00
  1.534414027911956468E+00  1.100000000000000311E+00  1.654556291468088359E-11  1.820011920618073569E-11  0.000000000000000000E+00  2.750000000124435684E-01  2.559230462142124888E-11  2.749999999868511513E-01  0.000000000000000000E+00
  1.674166713921872329E+00  1.100000000000000533E+00  1.654556291478676271E-11  1.820011920612779613E-11  0.000000000000000000E+00  2.750000000124435684E-01  2.524602820575137850E-11  2.749999999871973744E-01  0.000000000000000000E+00
  1.813919399399133825E+00  1.099999999999999867E+00  1.654556291328460272E-11  1.820011920618735313E-11  0.000000000000000000E+00  2.750000000124435129E-01  2.489301286725922688E-11  2.749999999875505363E-01  0.000000000000000000E+00
  1.953672073248919450E+00  1.100000000000000311E+00  1.654556291473382315E-11  1.820011920612779613E-11  0.000000000000000000E+00  2.750000000124436794E-01  2.464811878292175756E-11  2.749999999877954515E-01  0.000000000000000000E+00
  2.093424796401863741E+00  1.099999999999999867E+00  1.654556291499852095E-11  1.820011920671013128E-11  0.000000000000000000E+00  2.750000000124435684E-01  2.454584200550819801E-11  2.749999999878977586E-01  0.000000000000000000E+00
  2.233177470202365456E+00  1.100000000000000311E+00  1.654556291521027918E-11  1.820011920533370274E-11  0.000000000000000000E+00  2.750000000124435684E-01  2.449963653916088822E-11  2.749999999879440549E-01  0.000000000000000000E+00
  2.372930207110948597E+00  1.100000000000000089E+00  1.654556291637494949E-11  1.820011920533370274E-11  0.000000000000000000E+00  2.750000000124436239E-01  2.437333292974639747E-11  2.749999999880702872E-01  0.000000000000000000E+00
  2.512682905893333540E+00  1.100000000000000533E+00  1.654556291420442756E-11  1.820011920697482908E-11  0.000000000000000000E+00  2.750000000124437349E-01  2.408412588666861395E-11  2.749999999883595003E-01  0.000000000000000000E+00
  2.652435633504674151E+00  1.100000000000000089E+00  1.654556291452206491E-11  1.820011920647190326E-11  0.000000000000000000E+00  2.750000000124436794E-01  2.368735359065677374E-11  2.749999999887563495E-01  0.000000000000000000E+00
  2.792188375420186830E+00  1.100000000000000533E+00  1.654556291494558139E-11  1.820011920636602414E-11  0.000000000000000000E+00  2.750000000124437349E-01  2.333600890561876023E-11  2.749999999891075131E-01  0.000000000000000000E+00
  2.931941091662008780E+00  1.100000000000000311E+00  1.654556291499852095E-11  1.820011920649837304E-11  0.000000000000000000E+00  2.750000000124435684E-01  2.315057851776997863E-11  2.749999999892930869E-01  0.000000000000000000E+00
  3.071693865656738076E+00  1.100000000000000533E+00  1.654556291393972976E-11  1.820011920628661481E-11  0.000000000000000000E+00  2.750000000124436794E-01  2.312823828305749872E-11  2.749999999893153468E-01  0.000000000000000000E+00
  3.211446586648842860E+00  1.100000000000000533E+00  1.654556291404560888E-11  1.820011920628661481E-11  0.000000000000000000E+00  2.750000000124436239E-01  2.311267979695859331E-11  2.749999999893308900E-01  0.000000000000000000E+00
  3.351199366609371122E+00  1.100000000000000755E+00  1.654556291510440007E-11  1.820011920713364775E-11  0.000000000000000000E+00  2.750000000124436239E-01  2.294964613863050573E-11  2.749999999894939817E-01  0.000000000000000000E+00
  3.490952118623671385E+00  1.100000000000000311E+00  1.654556291526321874E-11  1.820011920538664230E-11  0.000000000000000000E+00  2.750000000124436239E-01  2.258743248684890489E-11  2.749999999898561365E-01  0.000000000000000000E+00
  3.630704885750044575E+00  1.100000000000000533E+00  1.654556291554115143E-11  1.820011920718658731E-11  0.000000000000000000E+00  2.750000000124436239E-01  2.216207635246237686E-11  2.749999999902815739E-01  0.000000000000000000E+00
  3.770457680855263671E+00  1.100000000000000311E+00  1.654556291399266932E-11  1.820011920549252142E-11  0.000000000000000000E+00  2.750000000124434019E-01  2.186078174978495876E-11  2.749999999905827774E-01  0.000000000000000000E+00
  3.910210438466926508E+00  1.100000000000000977E+00  1.654556291383385065E-11  1.820011920586309833E-11  0.000000000000000000E+00  2.750000000124436239E-01  2.178118913199064745E-11  2.749999999906623249E-01  0.000000000000000000E+00
  4.049963259214930389E+00  1.100000000000000533E+00  1.654556291446912536E-11  1.820011920596897745E-11  0.000000000000000000E+00  2.750000000124436239E-01  2.183650862469746741E-11  2.749999999906070913E-01  0.000000000000000000E+00
  4.189716026914965141E+00  1.100000000000000533E+00  1.654556291489264183E-11  1.820011920649837304E-11  0.000000000000000000E+00  2.750000000124435684E-01  2.181415803213257050E-11  2.749999999906295178E-01  0.000000000000000000E+00
  4.329468846282003902E+00  1.100000000000000311E+00  1.654556291579261434E-11  1.820011920840419717E-11  0.000000000000000000E+00  2.750000000124436239E-01  2.156886513355857241E-11  2.749999999908748216E-01  0.000000000000000000E+00
  4.469221650492892550E+00  1.100000000000000089E+00  1.654556291428383690E-11  1.820011920659101727E-11  0.000000000000000000E+00  2.750000000124437349E-01  2.113423807798913702E-11  2.749999999913094184E-01  0.000000000000000000E+00
  4.608974455281809490E+00  1.100000000000000089E+00  1.654556291428383690E-11  1.820011920800715048E-11  0.000000000000000000E+00  2.750000000124436794E-01  2.072086599387125693E-11  2.749999999917227544E-01  0.000000000000000000E+00
  4.748727300461631273E+00  1.100000000000000533E+00  1.654556291351621329E-11  1.820011920866889497E-11  0.000000000000000000E+00  2.750000000124435129E-01  2.052397039202830056E-11  2.749999999919197635E-01  0.000000000000000000E+00
  4.888480098514981442E+00  1.100000000000000311E+00  1.654556291415148800E-11  1.820011920851007629E-11  0.000000000000000000E+00  2.750000000124437349E-01  2.056614894237895375E-11  2.749999999918775195E-01  0.000000000000000000E+00
  5.028232962120354976E+00  1.100000000000000089E+00  1.654556291436324624E-11  1.820011920798068070E-11  0.000000000000000000E+00  2.750000000124437349E-01  2.066229543823379353E-11  2.749999999917813187E-01  0.000000000000000000E+00
  5.167985776244675478E+00  1.100000000000000311E+00  1.654556291415148800E-11  1.820011920745128511E-11  0.000000000000000000E+00  2.750000000124436239E-01  2.057610692995357342E-11  2.749999999918676385E-01  0.000000000000000000E+00
  5.307738632054492811E+00  1.100000000000000089E+00  1.654556291378091109E-11  1.820011920840419717E-11  0.000000000000000000E+00  2.750000000124436794E-01  2.021997482258945663E-11  2.749999999922237981E-01  0.000000000000000000E+00
  5.447491487058813142E+00  1.100000000000000089E+00  1.654556291432354157E-11  1.820011920802038537E-11  0.000000000000000000E+00  2.750000000124436239E-01  1.974342268780946070E-11  2.749999999927001948E-01  0.000000000000000000E+00
  5.587244328052585196E+00  1.100000000000000089E+00  1.654556291383385065E-11  1.820011920713364775E-11  0.000000000000000000E+00  2.750000000124436239E-01  1.940136609996467915E-11  2.749999999930422545E-01  0.000000000000000000E+00
  5.726997220017125301E+00  1.100000000000000089E+00  1.654556291383385065E-11  1.820011920798068070E-11  0.000000000000000000E+00  2.750000000124435684E-01  1.935011083833910961E-11  2.749999999930934913E-01  0.000000000000000000E+00
  5.866750057844209998E+00  1.100000000000000311E+00  1.654556291404560888E-11  1.820011920914535100E-11  0.000000000000000000E+00  2.750000000124436794E-01  1.949154708559382571E-11  2.749999999929519934E-01  0.000000000000000000E+00
  6.006502960526689527E+00  1.099999999999999867E+00  1.654556291182214740E-11  1.820011920946298836E-11  0.000000000000000000E+00  2.750000000124436239E-01  1.956826238985235043E-11  2.749999999928753880E-01  0.000000000000000000E+00
  6.146255820924247715E+00  1.100000000000000311E+00  1.654556291351621329E-11  1.820011920835125761E-11  0.000000000000000000E+00  2.750000000124436239E-01  1.936285764199816657E-11  2.749999999930807792E-01  0.000000000000000000E+00
  6.286008711000899751E+00  1.100000000000000533E+00  1.654556291327798527E-11  1.820011920835125761E-11  0.000000000000000000E+00  2.750000000124436239E-01  1.890507850927208882E-11  2.749999999935385797E-01  0.000000000000000000E+00
  6.425761614821582590E+00  1.100000000000000311E+00  1.654556291317210616E-11  1.820011920835125761E-11  0.000000000000000000E+00  2.750000000124436794E-01  1.844285652728564225E-11  2.749999999940008211E-01  0.000000000000000000E+00
  6.565514490910369538E+00  1.100000000000000089E+00  1.654556291330445505E-11  1.820011920882771365E-11  0.000000000000000000E+00  2.750000000124435129E-01  1.823450391747183828E-11  2.749999999942092099E-01  0.000000000000000000E+00
  6.705267426124985164E+00  1.099999999999999867E+00  1.654556291192802651E-11  1.820011920882771365E-11  0.000000000000000000E+00  2.750000000124435129E-01  1.833505735872592476E-11  2.749999999941084572E-01  0.000000000000000000E+00
  6.845020303473303258E+00  1.100000000000000089E+00  1.654556291266918034E-11  1.820011920840419717E-11  0.000000000000000000E+00  2.750000000124435684E-01  1.852187092907203027E-11  2.749999999939215511E-01  0.000000000000000000E+00
  6.984773241679975264E+00  1.100000000000000089E+00  1.654556291383385065E-11  1.820011920898653233E-11  0.000000000000000000E+00  2.750000000124435684E-01  1.850840051979802519E-11  2.749999999939352624E-01  0.000000000000000000E+00
  7.124526148309775486E+00  1.100000000000000089E+00  1.654556291319857593E-11  1.820011920808655982E-11  0.000000000000000000E+00  2.750000000124437349E-01  1.815794533082796635E-11  2.749999999942857043E-01  0.000000000000000000E+00
  7.264279070869524624E+00  1.100000000000000089E+00  1.654556291323828060E-11  1.820011920761010379E-11  0.000000000000000000E+00  2.750000000124436239E-01  1.764164962573201753E-11  2.749999999948019580E-01  0.000000000000000000E+00
  7.404032021173100553E+00  1.100000000000000089E+00  1.654556291293387814E-11  1.820011920872183453E-11  0.000000000000000000E+00  2.750000000124435684E-01  1.726663428525188138E-11  2.749999999951769913E-01  0.000000000000000000E+00
  7.543784931491397394E+00  1.100000000000000089E+00  1.654556291256330122E-11  1.820011920861595541E-11  0.000000000000000000E+00  2.750000000124435684E-01  1.723397095073536807E-11  2.749999999952097429E-01  0.000000000000000000E+00
  7.683537906376244564E+00  1.099999999999999645E+00  1.654556291383385065E-11  1.820011920829831806E-11  0.000000000000000000E+00  2.750000000124436239E-01  1.745277451487363873E-11  2.749999999949908625E-01  0.000000000000000000E+00
  7.823290823321446652E+00  1.099999999999999645E+00  1.654556291298681770E-11  1.820011920946298836E-11  0.000000000000000000E+00  2.750000000124436794E-01  1.760948386017630104E-11  2.749999999948341545E-01  0.000000000000000000E+00
  7.963043793946384952E+00  1.100000000000000089E+00  1.654556291346327373E-11  1.820011920967474659E-11  0.000000000000000000E+00  2.750000000124436239E-01  1.744509287862017249E-11  2.749999999949985230E-01  0.000000000000000000E+00
  8.102796746462834321E+00  1.099999999999999867E+00  1.654556291465441381E-11  1.820011920894682766E-11  0.000000000000000000E+00  2.750000000124435684E-01  1.696587705336835732E-11  2.749999999954778618E-01  0.000000000000000000E+00
  8.242549700071320373E+00  1.099999999999999867E+00  1.654556291383385065E-11  1.820011920858948563E-11  0.000000000000000000E+00  2.750000000124436239E-01  1.646282772572968350E-11  2.749999999959808483E-01  0.000000000000000000E+00
  8.382302694122360620E+00  1.100000000000000311E+00  1.654556291404560888E-11  1.820011920866889497E-11  0.000000000000000000E+00  2.750000000124438460E-01  1.624584648296882161E-11  2.749999999961977859E-01  0.000000000000000000E+00
  8.522055637989462085E+00  1.099999999999999867E+00  1.654556291552791654E-11  1.820011920914535100E-11  0.000000000000000000E+00  2.750000000124437349E-01  1.639105472433987919E-11  2.749999999960526242E-01  0.000000000000000000E+00
  8.661808648998830407E+00  1.100000000000000089E+00  1.654556291531615830E-11  1.820011920851007629E-11  0.000000000000000000E+00  2.750000000124435684E-01  1.665950756672373302E-11  2.749999999957841168E-01  0.000000000000000000E+00
  8.801561605817694200E+00  1.100000000000000533E+00  1.654556291478676271E-11  1.820011920835125761E-11  0.000000000000000000E+00  2.750000000124435684E-01  1.670395257651248602E-11  2.749999999957397634E-01  0.000000000000000000E+00
  8.941314606418407251E+00  1.100000000000000089E+00  1.654556291478676271E-11  1.820011920927769990E-11  0.000000000000000000E+00  2.750000000124437349E-01  1.636368849732671267E-11  2.749999999960798802E-01  0.000000000000000000E+00
  9.081067603897420071E+00  1.099999999999999645E+00  1.654556291472058826E-11  1.820011920919829056E-11  0.000000000000000000E+00  2.750000000124436794E-01  1.581324201060551419E-11  2.749999999966303843E-01  0.000000000000000000E+00
  9.220820587359449760E+00  1.099999999999999867E+00  1.654556291452206491E-11  1.820011920882771365E-11  0.000000000000000000E+00  2.750000000124437904E-01  1.540958460483982820E-11  2.749999999970341169E-01  0.000000000000000000E+00
  9.360573622129876981E+00  1.099999999999999201E+00  1.654556291425736712E-11  1.820011920903947188E-11  0.000000000000000000E+00  2.750000000124437349E-01  1.539462804382202619E-11  2.749999999970490494E-01  0.000000000000000000E+00
  9.500326599209811818E+00  1.099999999999999867E+00  1.654556291393972976E-11  1.820011920872183453E-11  0.000000000000000000E+00  2.750000000124436794E-01  1.567299912234912308E-11  2.749999999967707165E-01  0.000000000000000000E+00
  9.640079642968656159E+00  1.100000000000000089E+00  1.654556291436324624E-11  1.820011920967474659E-11  0.000000000000000000E+00  2.750000000124437349E-01  1.590110698222706223E-11  2.749999999965426767E-01  0.000000000000000000E+00
  9.779832640035715841E+00  1.099999999999999423E+00  1.654556291526321874E-11  1.820011921025708175E-11  0.000000000000000000E+00  2.750000000124437349E-01  1.576817732994395314E-11  2.749999999966754594E-01  0.000000000000000000E+00
  9.919585668835551928E+00  1.099999999999999423E+00  1.654556291571320500E-11  1.820011920915858589E-11  0.000000000000000000E+00  2.750000000124437904E-01  1.527720714958337528E-11  2.749999999971665665E-01  0.000000000000000000E+00
  1.005933870962116572E+01  1.099999999999999423E+00  1.654556291513086985E-11  1.820011920927769990E-11  0.000000000000000000E+00  2.750000000124437349E-01  1.474184828308437585E-11  2.749999999977019716E-01  0.000000000000000000E+00
  1.019909172206359216E+01  1.099999999999999867E+00  1.654556291489264183E-11  1.820011920962180704E-11  0.000000000000000000E+00  2.750000000124436794E-01  1.451553187732028556E-11  2.749999999979281795E-01  0.000000000000000000E+00
  1.033884479426985337E+01  1.099999999999999423E+00  1.654556291478676271E-11  1.820011920914535100E-11  0.000000000000000000E+00  2.750000000124436239E-01  1.469881817921144340E-11  2.749999999977448817E-01  0.000000000000000000E+00
  1.047859780464523105E+01  1.100000000000000311E+00  1.654556291468088359E-11  1.820011920999238395E-11  0.000000000000000000E+00  2.750000000124437349E-01  1.502841095013279553E-11  2.749999999974154230E-01  0.000000000000000000E+00
  1.061835087800044164E+01  1.099999999999999645E+00  1.654556291351621329E-11  1.820011920941004880E-11  0.000000000000000000E+00  2.750000000124436239E-01  1.512547122789415236E-11  2.749999999973182230E-01  0.000000000000000000E+00
  1.075810391570179014E+01  1.100000000000000089E+00  1.654556291611025169E-11  1.820011920978062571E-11  0.000000000000000000E+00  2.750000000124435129E-01  1.479393485987806135E-11  2.749999999976497911E-01  0.000000000000000000E+00
  1.089785697123424058E+01  1.099999999999999867E+00  1.654556291472058826E-11  1.820011921005855840E-11  0.000000000000000000E+00  2.750000000124436794E-01  1.422157504405600295E-11  2.749999999982221111E-01  0.000000000000000000E+00
  1.103761005322460953E+01  1.099999999999999645E+00  1.654556291372797153E-11  1.820011920999238395E-11  0.000000000000000000E+00  2.750000000124436794E-01  1.379694249160359919E-11  2.749999999986467158E-01  0.000000000000000000E+00
  1.117736309400674877E+01  1.099999999999999645E+00  1.654556291446912536E-11  1.820011920956886748E-11  0.000000000000000000E+00  2.750000000124436794E-01  1.379148579483047643E-11  2.749999999986522115E-01  0.000000000000000000E+00
  1.131711620028908349E+01  1.099999999999999645E+00  1.654556291415148800E-11  1.820011920978062571E-11  0.000000000000000000E+00  2.750000000124436239E-01  1.411840044825527531E-11  2.749999999983252508E-01  0.000000000000000000E+00
  1.145686924442211740E+01  1.099999999999999201E+00  1.654556291415148800E-11  1.820011920993944439E-11  0.000000000000000000E+00  2.750000000124436239E-01  1.439937644846876141E-11  2.749999999980441978E-01  0.000000000000000000E+00
  1.159662234460923003E+01  1.099999999999999645E+00  1.654556291383385065E-11  1.820011921052177954E-11  0.000000000000000000E+00  2.750000000124436239E-01  1.429908460790673506E-11  2.749999999981445065E-01  0.000000000000000000E+00
  1.173637542303323578E+01  1.099999999999999867E+00  1.654556291404560888E-11  1.820011921095853091E-11  0.000000000000000000E+00  2.750000000124435684E-01  1.380175617735650687E-11  2.749999999986417754E-01  0.000000000000000000E+00
  1.187612850413507992E+01  1.099999999999999645E+00  1.654556291346327373E-11  1.820011921046883998E-11  0.000000000000000000E+00  2.750000000124435684E-01  1.324424785094721773E-11  2.749999999991993294E-01  0.000000000000000000E+00
  1.201588162484551781E+01  1.099999999999999645E+00  1.654556291378091109E-11  1.820011921020414219E-11  0.000000000000000000E+00  2.750000000124435684E-01  1.301177278304906552E-11  2.749999999994319766E-01  0.000000000000000000E+00
  1.215563469354707671E+01  1.099999999999999645E+00  1.654556291404560888E-11  1.820011921094529602E-11  0.000000000000000000E+00  2.750000000124435129E-01  1.321825880104889125E-11  2.749999999992252531E-01  0.000000000000000000E+00
  1.229538783061354756E+01  1.100000000000000089E+00  1.654556291341033417E-11  1.820011921062765866E-11  0.000000000000000000E+00  2.750000000124436239E-01  1.359777272309408185E-11  2.749999999988458343E-01  0.000000000000000000E+00
  1.243514090915299697E+01  1.099999999999999423E+00  1.654556291436324624E-11  1.820011921126293337E-11  0.000000000000000000E+00  2.750000000124435684E-01  1.373459705468425754E-11  2.749999999987090549E-01  0.000000000000000000E+00
  1.257489403403088879E+01  1.100000000000000311E+00  1.654556291258977100E-11  1.820011921147469161E-11  0.000000000000000000E+00  2.750000000124436239E-01  1.341893424444014518E-11  2.749999999990246913E-01  0.000000000000000000E+00
  1.271464715266557022E+01  1.099999999999999645E+00  1.654556291321181082E-11  1.820011921141513460E-11  0.000000000000000000E+00  2.750000000124436239E-01  1.283336168021059679E-11  2.749999999996103339E-01  0.000000000000000000E+00
  1.285440025843879930E+01  1.099999999999999867E+00  1.654556291452206491E-11  1.820011921163351029E-11  0.000000000000000000E+00  2.750000000124436239E-01  1.239249253013428147E-11  2.750000000000511480E-01  0.000000000000000000E+00
  1.299415341505359223E+01  1.099999999999999645E+00  1.654556291383385065E-11  1.820011921163351029E-11  0.000000000000000000E+00  2.750000000124436239E-01  1.239409768173837618E-11  2.750000000000495937E-01  0.000000000000000000E+00
  1.313390651155561528E+01  1.100000000000000089E+00  1.654556291372797153E-11  1.820011921041590042E-11  0.000000000000000000E+00  2.750000000124436239E-01  1.275174122844812081E-11  2.749999999996918243E-01  0.000000000000000000E+00
  1.327365967632202270E+01  1.100000000000000089E+00  1.654556291404560888E-11  1.820011921083941690E-11  0.000000000000000000E+00  2.750000000124436239E-01  1.307762759849058815E-11  2.749999999993660293E-01  0.000000000000000000E+00
  1.341341279003703058E+01  1.100000000000000533E+00  1.654556291483970227E-11  1.820011921083941690E-11  0.000000000000000000E+00  2.750000000124437904E-01  1.300389621515161004E-11  2.749999999994396926E-01  0.000000000000000000E+00
  1.355316593817773452E+01  1.099999999999999423E+00  1.654556291464117892E-11  1.820011921098500068E-11  0.000000000000000000E+00  2.750000000124436794E-01  1.251070431012094421E-11  2.749999999999329647E-01  0.000000000000000000E+00
  1.369291909568120680E+01  1.099999999999999645E+00  1.654556291502499073E-11  1.820011921078647734E-11  0.000000000000000000E+00  2.750000000124436239E-01  1.193930614592489607E-11  2.750000000005043410E-01  0.000000000000000000E+00
  1.383267222548574260E+01  1.100000000000000089E+00  1.654556291499852095E-11  1.820011921115705425E-11  0.000000000000000000E+00  2.750000000124437349E-01  1.169856208787690818E-11  2.750000000007451484E-01  0.000000000000000000E+00
  1.397242541491550938E+01  1.099999999999999867E+00  1.654556291383385065E-11  1.820011921099823557E-11  0.000000000000000000E+00  2.750000000124438460E-01  1.192169791340466093E-11  2.750000000005219936E-01  0.000000000000000000E+00
  1.411217853955109192E+01  1.099999999999999645E+00  1.654556291531615830E-11  1.820011921147469161E-11  0.000000000000000000E+00  2.750000000124437349E-01  1.233416602240301585E-11  2.750000000001096012E-01  0.000000000000000000E+00
  1.425193172919209950E+01  1.099999999999999423E+00  1.654556291536909786E-11  1.820011921083941690E-11  0.000000000000000000E+00  2.750000000124437904E-01  1.250805453696639176E-11  2.749999999999357958E-01  0.000000000000000000E+00
  1.439168487892981929E+01  1.099999999999999645E+00  1.654556291391325998E-11  1.820011921099823557E-11  0.000000000000000000E+00  2.750000000124438460E-01  1.220816196985751051E-11  2.750000000002357226E-01  0.000000000000000000E+00
  1.453143804917776549E+01  1.099999999999999867E+00  1.654556291507793029E-11  1.820011921037619575E-11  0.000000000000000000E+00  2.750000000124438460E-01  1.161919694198336401E-11  2.750000000008245848E-01  0.000000000000000000E+00
  1.467119124367629546E+01  1.099999999999999867E+00  1.654556291547497698E-11  1.820011921089235646E-11  0.000000000000000000E+00  2.750000000124439015E-01  1.116753801406139262E-11  2.750000000012763901E-01  0.000000000000000000E+00
  1.481094439700193810E+01  1.099999999999999645E+00  1.654556291658670772E-11  1.820011921041590042E-11  0.000000000000000000E+00  2.750000000124439015E-01  1.116828242904310205E-11  2.750000000012756129E-01  0.000000000000000000E+00
  1.495069761606885095E+01  1.099999999999999645E+00  1.654556291658670772E-11  1.820011920956886748E-11  0.000000000000000000E+00  2.750000000124438460E-01  1.154876823649955097E-11  2.750000000008950840E-01  0.000000000000000000E+00
  1.509045076959877818E+01  1.099999999999999645E+00  1.654556291526321874E-11  1.820011921052177954E-11  0.000000000000000000E+00  2.750000000124439015E-01  1.190618014915660631E-11  2.750000000005378142E-01  0.000000000000000000E+00
  1.523020398165971478E+01  1.099999999999999867E+00  1.654556291621613081E-11  1.820011920978062571E-11  0.000000000000000000E+00  2.750000000124438460E-01  1.186173057928073370E-11  2.750000000005821121E-01  0.000000000000000000E+00
  1.536995716789911981E+01  1.099999999999999867E+00  1.654556291620289592E-11  1.820011921037619575E-11  0.000000000000000000E+00  2.750000000124439570E-01  1.137582621259191988E-11  2.750000000010681678E-01  0.000000000000000000E+00
  1.550971035934007602E+01  1.100000000000000089E+00  1.654556291656023794E-11  1.820011921023061197E-11  0.000000000000000000E+00  2.750000000124439570E-01  1.079695385381243036E-11  2.750000000016469270E-01  0.000000000000000000E+00
  1.564946358855318209E+01  1.100000000000000533E+00  1.654556291563379566E-11  1.820011921025708175E-11  0.000000000000000000E+00  2.750000000124439015E-01  1.054942477470338792E-11  2.750000000018943958E-01  0.000000000000000000E+00
  1.578921676516429429E+01  1.099999999999999867E+00  1.654556291616319125E-11  1.820011921062765866E-11  0.000000000000000000E+00  2.750000000124440125E-01  1.077798679292370732E-11  2.750000000016658008E-01  0.000000000000000000E+00
  1.592897001088037889E+01  1.099999999999999645E+00  1.654556291637494949E-11  1.820011920872183453E-11  0.000000000000000000E+00  2.750000000124439570E-01  1.121707444220111554E-11  2.750000000012269297E-01  0.000000000000000000E+00
  1.606872319430555507E+01  1.100000000000000089E+00  1.654556291711610332E-11  1.820011921046883998E-11  0.000000000000000000E+00  2.750000000124439570E-01  1.141935751045492003E-11  2.750000000010246470E-01  0.000000000000000000E+00
  1.620847642692197610E+01  1.100000000000000089E+00  1.654556291724845221E-11  1.820011921152763117E-11  0.000000000000000000E+00  2.750000000124439015E-01  1.114143429359667590E-11  2.750000000013025914E-01  0.000000000000000000E+00
  1.634822964948166657E+01  1.100000000000000089E+00  1.654556291644112394E-11  1.820011920989973972E-11  0.000000000000000000E+00  2.750000000124439570E-01  1.055309039273393125E-11  2.750000000018907875E-01  0.000000000000000000E+00
  1.648798286142089253E+01  1.100000000000000089E+00  1.654556291669258684E-11  1.820011920993944439E-11  0.000000000000000000E+00  2.750000000124438460E-01  1.009219472740998298E-11  2.750000000023516966E-01  0.000000000000000000E+00
  1.662773612275110935E+01  1.100000000000000089E+00  1.654556291595143301E-11  1.820011920903947188E-11  0.000000000000000000E+00  2.750000000124439015E-01  1.009006934211720673E-11  2.750000000023538060E-01  0.000000000000000000E+00
  1.676748932276834836E+01  1.100000000000000533E+00  1.654556291626907037E-11  1.820011920882771365E-11  0.000000000000000000E+00  2.750000000124440125E-01  1.048179877933477954E-11  2.750000000019620638E-01  0.000000000000000000E+00
  1.690724259231346238E+01  1.100000000000000311E+00  1.654556291605731213E-11  1.820011920951592792E-11  0.000000000000000000E+00  2.750000000124437904E-01  1.086754873452827383E-11  2.750000000015762058E-01  0.000000000000000000E+00
  1.704699580672705039E+01  1.100000000000000089E+00  1.654556291759255935E-11  1.820011920941004880E-11  0.000000000000000000E+00  2.750000000124439015E-01  1.084790710191677005E-11  2.750000000015960788E-01  0.000000000000000000E+00
  1.718674905868861558E+01  1.099999999999999645E+00  1.654556291624260059E-11  1.820011920960195470E-11  0.000000000000000000E+00  2.750000000124439015E-01  1.037622396118124131E-11  2.750000000020676461E-01  0.000000000000000000E+00
  1.732650231648889871E+01  1.100000000000000755E+00  1.654556291621613081E-11  1.820011920901300210E-11  0.000000000000000000E+00  2.750000000124438460E-01  9.793546393891593838E-12  2.750000000026502911E-01  0.000000000000000000E+00
  1.746625554843206984E+01  1.100000000000000089E+00  1.654556291536909786E-11  1.820011920882771365E-11  0.000000000000000000E+00  2.750000000124437904E-01  9.536406421580838548E-12  2.750000000029074743E-01  0.000000000000000000E+00
  1.760600883902788638E+01  1.100000000000000533E+00  1.654556291573967478E-11  1.820011920978062571E-11  0.000000000000000000E+00  2.750000000124438460E-01  9.766727646926145329E-12  2.750000000026771585E-01  0.000000000000000000E+00
  1.774576206297088987E+01  1.100000000000000533E+00  1.654556291547497698E-11  1.820011920946298836E-11  0.000000000000000000E+00  2.750000000124438460E-01  1.022185835399339180E-11  2.750000000022219671E-01  0.000000000000000000E+00
  1.788551535378028845E+01  1.100000000000000533E+00  1.654556291547497698E-11  1.820011921015120263E-11  0.000000000000000000E+00  2.750000000124437904E-01  1.045247705685208007E-11  2.750000000019914292E-01  0.000000000000000000E+00
  1.802526860030312506E+01  1.100000000000000755E+00  1.654556291571320500E-11  1.820011920978062571E-11  0.000000000000000000E+00  2.750000000124437904E-01  1.019512335214902674E-11  2.750000000022485569E-01  0.000000000000000000E+00
  1.816502187067797536E+01  1.100000000000000533E+00  1.654556291540880253E-11  1.820011920982033038E-11  0.000000000000000000E+00  2.750000000124437349E-01  9.613469770734009965E-12  2.750000000028303693E-01  0.000000000000000000E+00
  1.830477516211865918E+01  1.100000000000000977E+00  1.654556291558085610E-11  1.820011920999238395E-11  0.000000000000000000E+00  2.750000000124439015E-01  9.146257528877282329E-12  2.750000000032975511E-01  0.000000000000000000E+00
  1.844452841372673646E+01  1.100000000000000977E+00  1.654556291616319125E-11  1.820011920962180704E-11  0.000000000000000000E+00  2.750000000124438460E-01  9.135486997915507448E-12  2.750000000033083758E-01  0.000000000000000000E+00
  1.858428173063211730E+01  1.100000000000000755E+00  1.654556291563379566E-11  1.820011920978062571E-11  0.000000000000000000E+00  2.750000000124439015E-01  9.534176821342008470E-12  2.750000000029097502E-01  0.000000000000000000E+00
  1.872403497941662920E+01  1.100000000000000533E+00  1.654556291499852095E-11  1.820011920978062571E-11  0.000000000000000000E+00  2.750000000124438460E-01  9.938968764792748061E-12  2.750000000025049074E-01  0.000000000000000000E+00
  1.886378828923223594E+01  1.100000000000000533E+00  1.654556291542203742E-11  1.820011920962180704E-11  0.000000000000000000E+00  2.750000000124439015E-01  9.946757219572166767E-12  2.750000000024971358E-01  0.000000000000000000E+00
  1.900354156863518185E+01  1.100000000000000755E+00  1.654556291544850720E-11  1.820011920947622325E-11  0.000000000000000000E+00  2.750000000124441235E-01  9.490566531793688526E-12  2.750000000029534375E-01  0.000000000000000000E+00
  1.914329485673336961E+01  1.100000000000000533E+00  1.654556291544850720E-11  1.820011920922476034E-11  0.000000000000000000E+00  2.750000000124439570E-01  8.908520368181654724E-12  2.750000000035354719E-01  0.000000000000000000E+00
  1.928304817975436691E+01  1.100000000000000755E+00  1.654556291526321874E-11  1.820011920935710924E-11  0.000000000000000000E+00  2.750000000124439570E-01  8.643350331454275150E-12  2.750000000038006487E-01  0.000000000000000000E+00
  1.942280145090094834E+01  1.100000000000000533E+00  1.654556291468088359E-11  1.820011920962180704E-11  0.000000000000000000E+00  2.750000000124439570E-01  8.867342828974784671E-12  2.750000000035765502E-01  0.000000000000000000E+00
  1.956255479128688535E+01  1.100000000000000755E+00  1.654556291510440007E-11  1.820011920877477409E-11  0.000000000000000000E+00  2.750000000124440680E-01  9.333847930444143193E-12  2.750000000031101455E-01  0.000000000000000000E+00
  1.970230806609876595E+01  1.100000000000000977E+00  1.654556291473382315E-11  1.820011920946298836E-11  0.000000000000000000E+00  2.750000000124439570E-01  9.585862950052471642E-12  2.750000000028580138E-01  0.000000000000000000E+00
  1.984206139320921380E+01  1.100000000000000755E+00  1.654556291494558139E-11  1.820011920888065321E-11  0.000000000000000000E+00  2.750000000124438460E-01  9.353796330740409174E-12  2.750000000030902725E-01  0.000000000000000000E+00
  1.998181470566749596E+01  1.100000000000000533E+00  1.654556291532939319E-11  1.820011920933725690E-11  0.000000000000000000E+00  2.750000000124438460E-01  8.782702377877418327E-12  2.750000000036612602E-01  0.000000000000000000E+00
  2.012156801093086145E+01  1.100000000000000977E+00  1.654556291473382315E-11  1.820011920909241144E-11  0.000000000000000000E+00  2.750000000124439570E-01  8.310817694588318071E-12  2.750000000041330495E-01  0.000000000000000000E+00
  2.026132136314548760E+01  1.100000000000000311E+00  1.654556291510440007E-11  1.820011920967474659E-11  0.000000000000000000E+00  2.750000000124439570E-01  8.290920686548824660E-12  2.750000000041529780E-01  0.000000000000000000E+00
  2.040107465403540488E+01  1.100000000000000533E+00  1.654556291436324624E-11  1.820011920951592792E-11  0.000000000000000000E+00  2.750000000124440680E-01  8.686597073006448368E-12  2.750000000037574055E-01  0.000000000000000000E+00
  2.054082801526878299E+01  1.100000000000000977E+00  1.654556291478676271E-11  1.820011921015120263E-11  0.000000000000000000E+00  2.750000000124439015E-01  9.106986956374926297E-12  2.750000000033369640E-01  0.000000000000000000E+00
  2.068058131747719486E+01  1.100000000000000755E+00  1.654556291547497698E-11  1.820011920951592792E-11  0.000000000000000000E+00  2.750000000124440125E-01  9.138147330467165706E-12  2.750000000033057113E-01  0.000000000000000000E+00
  2.082033466083746376E+01  1.100000000000000311E+00  1.654556291556762121E-11  1.820011920927108246E-11  0.000000000000000000E+00  2.750000000124438460E-01  8.703755996521021905E-12  2.750000000037400860E-01  0.000000000000000000E+00
  2.096008800567505759E+01  1.100000000000000533E+00  1.654556291528968852E-11  1.820011920956886748E-11  0.000000000000000000E+00  2.750000000124439570E-01  8.127164586112737837E-12  2.750000000043167914E-01  0.000000000000000000E+00
  2.109984132765575993E+01  1.100000000000000977E+00  1.654556291536909786E-11  1.820011920967474659E-11  0.000000000000000000E+00  2.750000000124439015E-01  7.852340494558175375E-12  2.750000000045915716E-01  0.000000000000000000E+00
  2.123959470639996638E+01  1.100000000000001199E+00  1.654556291563379566E-11  1.820011920935710924E-11  0.000000000000000000E+00  2.750000000124439570E-01  8.067317255213082888E-12  2.750000000043766879E-01  0.000000000000000000E+00
  2.137934801765291581E+01  1.100000000000000755E+00  1.654556291536909786E-11  1.820011920999238395E-11  0.000000000000000000E+00  2.750000000124438460E-01  8.535240723594845013E-12  2.750000000039087289E-01  0.000000000000000000E+00
  2.151910139737977445E+01  1.100000000000000977E+00  1.654556291542203742E-11  1.820011921009826307E-11  0.000000000000000000E+00  2.750000000124438460E-01  8.807181939220435859E-12  2.750000000036366687E-01  0.000000000000000000E+00
  2.165885472837284453E+01  1.100000000000000089E+00  1.654556291544850720E-11  1.820011920943651858E-11  0.000000000000000000E+00  2.750000000124439015E-01  8.599633194554981443E-12  2.750000000038442804E-01  0.000000000000000000E+00
  2.179860808723199028E+01  1.100000000000000533E+00  1.654556291525660130E-11  1.820011920921152545E-11  0.000000000000000000E+00  2.750000000124440125E-01  8.045229225705330201E-12  2.750000000043987258E-01  0.000000000000000000E+00
  2.193836146306529145E+01  1.100000000000000533E+00  1.654556291573967478E-11  1.820011920938357902E-11  0.000000000000000000E+00  2.750000000124439015E-01  7.572995504960422773E-12  2.750000000048709592E-01  0.000000000000000000E+00
  2.207811480151197259E+01  1.100000000000000089E+00  1.654556291526321874E-11  1.820011920909241144E-11  0.000000000000000000E+00  2.750000000124438460E-01  7.539362445722565948E-12  2.750000000049045434E-01  0.000000000000000000E+00
  2.221786820402989804E+01  1.100000000000000311E+00  1.654556291563379566E-11  1.820011920925123012E-11  0.000000000000000000E+00  2.750000000124438460E-01  7.927886107746688435E-12  2.750000000045159099E-01  0.000000000000000000E+00
  2.235762153670180652E+01  1.100000000000000533E+00  1.654556291505146051E-11  1.820011920935710924E-11  0.000000000000000000E+00  2.750000000124438460E-01  8.355195186213044121E-12  2.750000000040886960E-01  0.000000000000000000E+00
  2.249737493288780854E+01  1.100000000000000533E+00  1.654556291526321874E-11  1.820011920933063946E-11  0.000000000000000000E+00  2.750000000124439570E-01  8.410795434377059426E-12  2.750000000040331294E-01  0.000000000000000000E+00
  2.263712829377369218E+01  1.099999999999999867E+00  1.654556291575290967E-11  1.820011920905270677E-11  0.000000000000000000E+00  2.750000000124437904E-01  8.000204482613165924E-12  2.750000000044436899E-01  0.000000000000000000E+00
  2.277688166752844623E+01  1.100000000000000089E+00  1.654556291534262808E-11  1.820011920938357902E-11  0.000000000000000000E+00  2.750000000124438460E-01  7.433565037672194692E-12  2.750000000050102367E-01  0.000000000000000000E+00
  2.291663507248344089E+01  1.100000000000000533E+00  1.654556291483970227E-11  1.820011920914535100E-11  0.000000000000000000E+00  2.750000000124439570E-01  7.151884630473030688E-12  2.750000000052918447E-01  0.000000000000000000E+00
  2.305638842736329863E+01  1.100000000000000533E+00  1.654556291505146051E-11  1.820011920925123012E-11  0.000000000000000000E+00  2.750000000124438460E-01  7.350904125747081487E-12  2.750000000050929483E-01  0.000000000000000000E+00
  2.319614185100717663E+01  1.100000000000000533E+00  1.654556291478676271E-11  1.820011920888065321E-11  0.000000000000000000E+00  2.750000000124437349E-01  7.815744751601022103E-12  2.750000000046279869E-01  0.000000000000000000E+00
  2.333589520653942273E+01  1.100000000000000089E+00  1.654556291542203742E-11  1.820011920882771365E-11  0.000000000000000000E+00  2.750000000124437349E-01  8.101502992997400619E-12  2.750000000043422710E-01  0.000000000000000000E+00
  2.347564861752015375E+01  1.100000000000000311E+00  1.654556291499852095E-11  1.820011920991297461E-11  0.000000000000000000E+00  2.750000000124438460E-01  7.921481453783214653E-12  2.750000000045223492E-01  0.000000000000000000E+00
  2.361540200875868223E+01  1.100000000000000089E+00  1.654556291532277575E-11  1.820011920886907268E-11  0.000000000000000000E+00  2.750000000124437904E-01  7.387679342872975804E-12  2.750000000050560334E-01  0.000000000000000000E+00
  2.375515539690332645E+01  1.100000000000000533E+00  1.654556291542203742E-11  1.820011920874830431E-11  0.000000000000000000E+00  2.750000000124437349E-01  6.917102488408601663E-12  2.750000000055266014E-01  0.000000000000000000E+00
  2.389490882877224109E+01  1.100000000000000089E+00  1.654556291573967478E-11  1.820011920856301585E-11  0.000000000000000000E+00  2.750000000124438460E-01  6.870417193494068296E-12  2.750000000055734528E-01  0.000000000000000000E+00
  2.403466220041167034E+01  1.100000000000000533E+00  1.654556291521027918E-11  1.820011920819243894E-11  0.000000000000000000E+00  2.750000000124439015E-01  7.243872288791410304E-12  2.750000000052000293E-01  0.000000000000000000E+00
  2.417441564270101750E+01  1.100000000000000311E+00  1.654556291547497698E-11  1.820011920792774114E-11  0.000000000000000000E+00  2.750000000124437349E-01  7.674655372052069753E-12  2.750000000047691517E-01  0.000000000000000000E+00
  2.431416902265412361E+01  1.100000000000000089E+00  1.654556291536909786E-11  1.820011920872183453E-11  0.000000000000000000E+00  2.750000000124438460E-01  7.751099405131883872E-12  2.750000000046926019E-01  0.000000000000000000E+00
  2.445392244732739684E+01  1.100000000000000089E+00  1.654556291506469540E-11  1.820011920849684140E-11  0.000000000000000000E+00  2.750000000124437904E-01  7.368421057324576908E-12  2.750000000050753513E-01  0.000000000000000000E+00
  2.459367586860564359E+01  1.100000000000000089E+00  1.654556291499852095E-11  1.820011920815273427E-11  0.000000000000000000E+00  2.750000000124437349E-01  6.816243076925466240E-12  2.750000000056274096E-01  0.000000000000000000E+00
  2.473342927078748232E+01  1.100000000000000311E+00  1.654556291552791654E-11  1.820011920808655982E-11  0.000000000000000000E+00  2.750000000124438460E-01  6.527100764821057855E-12  2.750000000059166227E-01  0.000000000000000000E+00
  2.487318272712148470E+01  1.100000000000000089E+00  1.654556291473382315E-11  1.820011920824537850E-11  0.000000000000000000E+00  2.750000000124437904E-01  6.709161696047795083E-12  2.750000000057346017E-01  0.000000000000000000E+00
  2.501293611623523461E+01  1.100000000000000089E+00  1.654556291494558139E-11  1.820011920856301585E-11  0.000000000000000000E+00  2.750000000124437349E-01  7.163196810553559392E-12  2.750000000052805760E-01  0.000000000000000000E+00
  2.515268957491391788E+01  1.100000000000000089E+00  1.654556291526321874E-11  1.820011920787480158E-11  0.000000000000000000E+00  2.750000000124437349E-01  7.460790744337780876E-12  2.750000000049830362E-01  0.000000000000000000E+00
  2.529244298080090658E+01  1.100000000000000533E+00  1.654556291491911161E-11  1.820011920835125761E-11  0.000000000000000000E+00  2.750000000124439015E-01  7.307309877119201812E-12  2.750000000051363580E-01  0.000000000000000000E+00
  2.543219641853567126E+01  1.100000000000000977E+00  1.654556291539556764E-11  1.820011920827184828E-11  0.000000000000000000E+00  2.750000000124437904E-01  6.798044693903188421E-12  2.750000000056456728E-01  0.000000000000000000E+00
  2.557194986867998665E+01  1.100000000000000533E+00  1.654556291528968852E-11  1.820011920858948563E-11  0.000000000000000000E+00  2.750000000124437349E-01  6.333144669689567600E-12  2.750000000061105787E-01  0.000000000000000000E+00
  2.571170328474107336E+01  1.100000000000000533E+00  1.654556291468088359E-11  1.820011920888065321E-11  0.000000000000000000E+00  2.750000000124436794E-01  6.270822962935343607E-12  2.750000000061727512E-01  0.000000000000000000E+00
  2.585145676297082318E+01  1.100000000000000755E+00  1.654556291478676271E-11  1.820011920819243894E-11  0.000000000000000000E+00  2.750000000124438460E-01  6.626940114513723236E-12  2.750000000058167027E-01  0.000000000000000000E+00
  2.599121017064985040E+01  1.100000000000000755E+00  1.654556291542203742E-11  1.820011920787480158E-11  0.000000000000000000E+00  2.750000000124436794E-01  7.054634446506987470E-12  2.750000000053891558E-01  0.000000000000000000E+00
  2.613096364373435065E+01  1.100000000000000533E+00  1.654556291563379566E-11  1.820011920813949938E-11  0.000000000000000000E+00  2.750000000124437349E-01  7.151562683548587506E-12  2.750000000052922333E-01  0.000000000000000000E+00
  2.627071707686527802E+01  1.100000000000000533E+00  1.654556291540218509E-11  1.820011920876153920E-11  0.000000000000000000E+00  2.750000000124437349E-01  6.797795271483923881E-12  2.750000000056459504E-01  0.000000000000000000E+00
  2.641047052717341970E+01  1.100000000000000977E+00  1.654556291555438632E-11  1.820011920880124387E-11  0.000000000000000000E+00  2.750000000124438460E-01  6.262961087521498643E-12  2.750000000061808003E-01  0.000000000000000000E+00
  2.655022400451062836E+01  1.100000000000000311E+00  1.654556291552791654E-11  1.820011920880124387E-11  0.000000000000000000E+00  2.750000000124438460E-01  5.969391707871123598E-12  2.750000000064743433E-01  0.000000000000000000E+00
  2.668997743447614113E+01  1.100000000000000977E+00  1.654556291611025169E-11  1.820011920856301585E-11  0.000000000000000000E+00  2.750000000124437904E-01  6.130393116964548496E-12  2.750000000063134165E-01  0.000000000000000000E+00
  2.682973093202905090E+01  1.100000000000000533E+00  1.654556291510440007E-11  1.820011920851007629E-11  0.000000000000000000E+00  2.750000000124437904E-01  6.571323335931905293E-12  2.750000000058726024E-01  0.000000000000000000E+00
  2.696948435978967495E+01  1.100000000000000533E+00  1.654556291568673522E-11  1.820011920893359277E-11  0.000000000000000000E+00  2.750000000124438460E-01  6.875716360478852058E-12  2.750000000055680127E-01  0.000000000000000000E+00
  2.710923784567337336E+01  1.100000000000000533E+00  1.654556291558085610E-11  1.820011920956886748E-11  0.000000000000000000E+00  2.750000000124436794E-01  6.749428205277807743E-12  2.750000000056943561E-01  0.000000000000000000E+00
  2.724899130685433235E+01  1.100000000000000089E+00  1.654556291544188976E-11  1.820011920858948563E-11  0.000000000000000000E+00  2.750000000124437349E-01  6.266972615757542868E-12  2.750000000061768590E-01  0.000000000000000000E+00
  2.738874476931063029E+01  1.100000000000000533E+00  1.654556291552791654E-11  1.820011920898653233E-11  0.000000000000000000E+00  2.750000000124438460E-01  5.809270296422402770E-12  2.750000000066344930E-01  0.000000000000000000E+00
  2.752849827176765274E+01  1.100000000000000533E+00  1.654556291489264183E-11  1.820011920861595541E-11  0.000000000000000000E+00  2.750000000124437349E-01  5.733128037373026065E-12  2.750000000067105987E-01  0.000000000000000000E+00
  2.766825171598966548E+01  1.100000000000000311E+00  1.654556291547497698E-11  1.820011920914535100E-11  0.000000000000000000E+00  2.750000000124438460E-01  6.067404591444532323E-12  2.750000000063763106E-01  0.000000000000000000E+00
  2.780800523042469763E+01  1.100000000000000755E+00  1.654556291563379566E-11  1.820011920903947188E-11  0.000000000000000000E+00  2.750000000124436794E-01  6.489832604859970756E-12  2.750000000059539262E-01  0.000000000000000000E+00
  2.794775868001799424E+01  1.099999999999999867E+00  1.654556291489264183E-11  1.820011920837772739E-11  0.000000000000000000E+00  2.750000000124437349E-01  6.603899847391948073E-12  2.750000000058397953E-01  0.000000000000000000E+00
  2.808751217756444518E+01  1.100000000000000533E+00  1.654556291514410474E-11  1.820011920901961955E-11  0.000000000000000000E+00  2.750000000124437349E-01  6.280169960457536643E-12  2.750000000061635363E-01  0.000000000000000000E+00
  2.822726566680986338E+01  1.100000000000000311E+00  1.654556291502499073E-11  1.820011920892035788E-11  0.000000000000000000E+00  2.750000000124438460E-01  5.765591390399990887E-12  2.750000000066781802E-01  0.000000000000000000E+00
  2.836701914108595091E+01  1.100000000000000089E+00  1.654556291489264183E-11  1.820011920893359277E-11  0.000000000000000000E+00  2.750000000124437349E-01  5.467788782487446417E-12  2.750000000069759420E-01  0.000000000000000000E+00
  2.850677266633377016E+01  1.100000000000000089E+00  1.654556291468088359E-11  1.820011920824537850E-11  0.000000000000000000E+00  2.750000000124437349E-01  5.608681692464559567E-12  2.750000000068351103E-01  0.000000000000000000E+00
  2.864652612555816802E+01  1.100000000000000533E+00  1.654556291494558139E-11  1.820011920903947188E-11  0.000000000000000000E+00  2.750000000124437349E-01  6.031584322290279205E-12  2.750000000064122263E-01  0.000000000000000000E+00
  2.878627965472911043E+01  1.100000000000000533E+00  1.654556291473382315E-11  1.820011920866889497E-11  0.000000000000000000E+00  2.750000000124436239E-01  6.341246785296078665E-12  2.750000000061026406E-01  0.000000000000000000E+00
  2.892603312781858804E+01  1.100000000000000533E+00  1.654556291552791654E-11  1.820011920864242519E-11  0.000000000000000000E+00  2.750000000124437349E-01  6.240424405465088901E-12  2.750000000062033378E-01  0.000000000000000000E+00
  2.906578663643447413E+01  1.100000000000000533E+00  1.654556291494227267E-11  1.820011920813619066E-11  0.000000000000000000E+00  2.750000000124438460E-01  5.786063914257216693E-12  2.750000000066578076E-01  0.000000000000000000E+00
  2.920554015276054471E+01  1.100000000000000533E+00  1.654556291457500447E-11  1.820011920851007629E-11  0.000000000000000000E+00  2.750000000124438460E-01  5.338527813085123475E-12  2.750000000071053385E-01  0.000000000000000000E+00
  2.934529363875380525E+01  1.100000000000000311E+00  1.654556291505146051E-11  1.820011920909241144E-11  0.000000000000000000E+00  2.750000000124437904E-01  5.247710829235655606E-12  2.750000000071961548E-01  0.000000000000000000E+00
  2.948504718438267957E+01  1.100000000000000089E+00  1.654556291446912536E-11  1.820011920946298836E-11  0.000000000000000000E+00  2.750000000124439015E-01  5.560013618475230354E-12  2.750000000068839601E-01  0.000000000000000000E+00
  2.962480065978203925E+01  1.100000000000000533E+00  1.654556291526321874E-11  1.820011920856301585E-11  0.000000000000000000E+00  2.750000000124439570E-01  5.972841939930875542E-12  2.750000000064710681E-01  0.000000000000000000E+00
  2.976455420180286637E+01  1.099999999999999645E+00  1.654556291452206491E-11  1.820011920911888122E-11  0.000000000000000000E+00  2.750000000124439570E-01  6.102890129945066376E-12  2.750000000063410610E-01  0.000000000000000000E+00
  2.990430769981285053E+01  1.099999999999999867E+00  1.654556291441618580E-11  1.820011920836449250E-11  0.000000000000000000E+00  2.750000000124439570E-01  5.808998292468471060E-12  2.750000000066349926E-01  0.000000000000000000E+00
  3.004406121906093219E+01  1.099999999999999867E+00  1.654556291442942069E-11  1.820011920828508317E-11  0.000000000000000000E+00  2.750000000124439015E-01  5.315703344537319807E-12  2.750000000071280981E-01  0.000000000000000000E+00
  3.018381476093549409E+01  1.100000000000000311E+00  1.654556291441618580E-11  1.820011920835125761E-11  0.000000000000000000E+00  2.750000000124438460E-01  5.016440982735554523E-12  2.750000000074275253E-01  0.000000000000000000E+00
  3.032356825872616213E+01  1.100000000000000311E+00  1.654556291425736712E-11  1.820011920845713673E-11  0.000000000000000000E+00  2.750000000124438460E-01  5.135291005399444263E-12  2.750000000073085094E-01  0.000000000000000000E+00
  3.046332182227211405E+01  1.100000000000000311E+00  1.654556291420442756E-11  1.820011920861595541E-11  0.000000000000000000E+00  2.750000000124439570E-01  5.539794081530113626E-12  2.750000000069041661E-01  0.000000000000000000E+00
  3.060307531539288206E+01  1.100000000000000089E+00  1.654556291515733963E-11  1.820011920829831806E-11  0.000000000000000000E+00  2.750000000124437904E-01  5.850863243642360322E-12  2.750000000065928596E-01  0.000000000000000000E+00
  3.074282886866055264E+01  1.100000000000000311E+00  1.654556291364856219E-11  1.820011920906594166E-11  0.000000000000000000E+00  2.750000000124438460E-01  5.774744990971429180E-12  2.750000000066691319E-01  0.000000000000000000E+00
  3.088258239259626592E+01  1.099999999999999423E+00  1.654556291414487056E-11  1.820011920839923409E-11  0.000000000000000000E+00  2.750000000124439570E-01  5.349423819805471984E-12  2.750000000070944584E-01  0.000000000000000000E+00
  3.102233592209821111E+01  1.100000000000000089E+00  1.654556291449559514E-11  1.820011920856301585E-11  0.000000000000000000E+00  2.750000000124439570E-01  4.912763317620385371E-12  2.750000000075311646E-01  0.000000000000000000E+00
  3.116208948760214881E+01  1.100000000000000089E+00  1.654556291420442756E-11  1.820011920851007629E-11  0.000000000000000000E+00  2.750000000124438460E-01  4.809601766267232371E-12  2.750000000076341933E-01  0.000000000000000000E+00
  3.130184299759256206E+01  1.100000000000000089E+00  1.654556291436324624E-11  1.820011920840419717E-11  0.000000000000000000E+00  2.750000000124437904E-01  5.097502364833354723E-12  2.750000000073463124E-01  0.000000000000000000E+00
  3.144159657671427510E+01  1.100000000000000311E+00  1.654556291462794403E-11  1.820011920872183453E-11  0.000000000000000000E+00  2.750000000124439015E-01  5.499780409180311806E-12  2.750000000069440231E-01  0.000000000000000000E+00
  3.158135008932994126E+01  1.100000000000000089E+00  1.654556291428383690E-11  1.820011920858948563E-11  0.000000000000000000E+00  2.750000000124439015E-01  5.642963003033937468E-12  2.750000000068009154E-01  0.000000000000000000E+00
  3.172110365262247811E+01  1.100000000000000089E+00  1.654556291513086985E-11  1.820011920815935171E-11  0.000000000000000000E+00  2.750000000124439570E-01  5.378395186084595252E-12  2.750000000070655370E-01  0.000000000000000000E+00
  3.186085720280803102E+01  1.100000000000000089E+00  1.654556291513086985E-11  1.820011920863580775E-11  0.000000000000000000E+00  2.750000000124439570E-01  4.908248501948966119E-12  2.750000000075356610E-01  0.000000000000000000E+00
  3.200061074229050462E+01  1.100000000000000533E+00  1.654556291536909786E-11  1.820011920856301585E-11  0.000000000000000000E+00  2.750000000124438460E-01  4.607767881090565434E-12  2.750000000078361984E-01  0.000000000000000000E+00
  3.214036432925679776E+01  1.099999999999999867E+00  1.654556291521027918E-11  1.820011920903947188E-11  0.000000000000000000E+00  2.750000000124439570E-01  4.706443314054125131E-12  2.750000000077373885E-01  0.000000000000000000E+00
  3.228011785217777430E+01  1.100000000000000311E+00  1.654556291531615830E-11  1.820011920909241144E-11  0.000000000000000000E+00  2.750000000124439570E-01  5.089502015291277380E-12  2.750000000073544171E-01  0.000000000000000000E+00
  3.241987144470028426E+01  1.100000000000000311E+00  1.654556291515733963E-11  1.820011920888065321E-11  0.000000000000000000E+00  2.750000000124439570E-01  5.400889295428285059E-12  2.750000000070431661E-01  0.000000000000000000E+00
  3.255962497858006088E+01  1.100000000000000089E+00  1.654556291489264183E-11  1.820011920896006255E-11  0.000000000000000000E+00  2.750000000124439015E-01  5.347695857861677973E-12  2.750000000070962347E-01  0.000000000000000000E+00
  3.269937855123755099E+01  1.100000000000000533E+00  1.654556291482646738E-11  1.820011920910895506E-11  0.000000000000000000E+00  2.750000000124440680E-01  4.951246231813611280E-12  2.750000000074928064E-01  0.000000000000000000E+00
  3.283913212694292127E+01  1.100000000000000533E+00  1.654556291486617205E-11  1.820011920917182078E-11  0.000000000000000000E+00  2.750000000124441235E-01  4.527791429066714787E-12  2.750000000079163009E-01  0.000000000000000000E+00
  3.297888567635821033E+01  1.100000000000000311E+00  1.654556291510440007E-11  1.820011920930416968E-11  0.000000000000000000E+00  2.750000000124440680E-01  4.411969729406560430E-12  2.750000000080320972E-01  0.000000000000000000E+00
  3.311863928248227040E+01  1.100000000000000533E+00  1.654556291510440007E-11  1.820011920962180704E-11  0.000000000000000000E+00  2.750000000124441235E-01  4.676534035285556695E-12  2.750000000077675866E-01  0.000000000000000000E+00
  3.325839281947129678E+01  1.100000000000000311E+00  1.654556291457500447E-11  1.820011920941004880E-11  0.000000000000000000E+00  2.750000000124440125E-01  5.065119901189659066E-12  2.750000000073788975E-01  0.000000000000000000E+00
  3.339814642355457863E+01  1.100000000000000311E+00  1.654556291396619954E-11  1.820011920861595541E-11  0.000000000000000000E+00  2.750000000124441235E-01  5.220163817867788679E-12  2.750000000072238548E-01  0.000000000000000000E+00
  3.353789998025640529E+01  1.100000000000000089E+00  1.654556291453529980E-11  1.820011920897329744E-11  0.000000000000000000E+00  2.750000000124440125E-01  4.984387483926138792E-12  2.750000000074596107E-01  0.000000000000000000E+00
  3.367765356192767712E+01  1.100000000000000089E+00  1.654556291429045434E-11  1.820011920877477409E-11  0.000000000000000000E+00  2.750000000124439570E-01  4.537453359245718130E-12  2.750000000079066975E-01  0.000000000000000000E+00
  3.381740716180156170E+01  1.100000000000000089E+00  1.654556291491911161E-11  1.820011920896006255E-11  0.000000000000000000E+00  2.750000000124439570E-01  4.238260701148556999E-12  2.750000000082057916E-01  0.000000000000000000E+00
  3.395716072123376961E+01  1.100000000000000089E+00  1.654556291457500447E-11  1.820011920909241144E-11  0.000000000000000000E+00  2.750000000124440680E-01  4.315797014793309922E-12  2.750000000081282980E-01  0.000000000000000000E+00
  3.409691434409918287E+01  1.100000000000000533E+00  1.654556291441618580E-11  1.820011920861595541E-11  0.000000000000000000E+00  2.750000000124440680E-01  4.677723216213855785E-12  2.750000000077663653E-01  0.000000000000000000E+00
  3.423666789669520227E+01  1.100000000000000089E+00  1.654556291404560888E-11  1.820011920851007629E-11  0.000000000000000000E+00  2.750000000124441790E-01  4.986484748420897962E-12  2.750000000074575013E-01  0.000000000000000000E+00
  3.437642151077525199E+01  1.100000000000000533E+00  1.654556291423089734E-11  1.820011920890712299E-11  0.000000000000000000E+00  2.750000000124441235E-01  4.954937941996613495E-12  2.750000000074891982E-01  0.000000000000000000E+00
  3.451617509146380058E+01  1.100000000000000089E+00  1.654556291394965593E-11  1.820011920895344510E-11  0.000000000000000000E+00  2.750000000124439570E-01  4.587855122276768563E-12  2.750000000078561824E-01  0.000000000000000000E+00
  3.465592868183217945E+01  1.099999999999999645E+00  1.654556291409854844E-11  1.820011920914535100E-11  0.000000000000000000E+00  2.750000000124439570E-01  4.177861440533898713E-12  2.750000000082662988E-01  0.000000000000000000E+00
  3.479568230404226625E+01  1.100000000000000977E+00  1.654556291415148800E-11  1.820011920890712299E-11  0.000000000000000000E+00  2.750000000124441235E-01  4.051868466501199145E-12  2.750000000083920870E-01  0.000000000000000000E+00
  3.493543587389373783E+01  1.100000000000000089E+00  1.654556291351621329E-11  1.820011920866889497E-11  0.000000000000000000E+00  2.750000000124440680E-01  4.291485180849139479E-12  2.750000000081525009E-01  0.000000000000000000E+00
  3.507518951121394224E+01  1.099999999999999867E+00  1.654556291425736712E-11  1.820011920882771365E-11  0.000000000000000000E+00  2.750000000124439570E-01  4.666205676334999729E-12  2.750000000077776896E-01  0.000000000000000000E+00
  3.521494308119446259E+01  1.100000000000000533E+00  1.654556291391325998E-11  1.820011920811302960E-11  0.000000000000000000E+00  2.750000000124439570E-01  4.830481073178790676E-12  2.750000000076134876E-01  0.000000000000000000E+00
  3.535469670402837750E+01  1.100000000000000533E+00  1.654556291409854844E-11  1.820011920856301585E-11  0.000000000000000000E+00  2.750000000124438460E-01  4.622317157314006110E-12  2.750000000078215989E-01  0.000000000000000000E+00
  3.549445030926927558E+01  1.100000000000000533E+00  1.654556291419119267E-11  1.820011920886080087E-11  0.000000000000000000E+00  2.750000000124440680E-01  4.199973918331150519E-12  2.750000000082439833E-01  0.000000000000000000E+00
  3.563420390807188909E+01  1.100000000000000533E+00  1.654556291367503197E-11  1.820011920893359277E-11  0.000000000000000000E+00  2.750000000124437349E-01  3.902406096540680898E-12  2.750000000085414675E-01  0.000000000000000000E+00
  3.577395755058073945E+01  1.100000000000000089E+00  1.654556291335739461E-11  1.820011920898653233E-11  0.000000000000000000E+00  2.750000000124439015E-01  3.960940270058670246E-12  2.750000000084829588E-01  0.000000000000000000E+00
  3.591371113156015582E+01  1.100000000000000311E+00  1.654556291399266932E-11  1.820011920877477409E-11  0.000000000000000000E+00  2.750000000124437904E-01  4.299773993971528144E-12  2.750000000081441742E-01  0.000000000000000000E+00
  3.605346478127029286E+01  1.100000000000000755E+00  1.654556291457500447E-11  1.820011920893359277E-11  0.000000000000000000E+00  2.750000000124438460E-01  4.604921821122979402E-12  2.750000000078390294E-01  0.000000000000000000E+00
  3.619321837048095603E+01  1.100000000000000089E+00  1.654556291417795778E-11  1.820011920898653233E-11  0.000000000000000000E+00  2.750000000124440125E-01  4.593222238332132963E-12  2.750000000078507423E-01  0.000000000000000000E+00
  3.633297200132287230E+01  1.100000000000000977E+00  1.654556291385370298E-11  1.820011920890050554E-11  0.000000000000000000E+00  2.750000000124440680E-01  4.254660704853700720E-12  2.750000000081891938E-01  0.000000000000000000E+00
  3.647272563060502648E+01  1.100000000000000533E+00  1.654556291428383690E-11  1.820011920911888122E-11  0.000000000000000000E+00  2.750000000124438460E-01  3.860124949238183967E-12  2.750000000085838781E-01  0.000000000000000000E+00
  3.661247923778549307E+01  1.100000000000000533E+00  1.654556291476029293E-11  1.820011920914535100E-11  0.000000000000000000E+00  2.750000000124439015E-01  3.724028831799408847E-12  2.750000000087198249E-01  0.000000000000000000E+00
  3.675223289839193086E+01  1.100000000000000755E+00  1.654556291415148800E-11  1.820011920877477409E-11  0.000000000000000000E+00  2.750000000124439570E-01  3.940382753980995106E-12  2.750000000085034424E-01  0.000000000000000000E+00
  3.689198649162685939E+01  1.100000000000000533E+00  1.654556291473382315E-11  1.820011920941004880E-11  0.000000000000000000E+00  2.750000000124440680E-01  4.298703893323940467E-12  2.750000000081453955E-01  0.000000000000000000E+00
  3.703174015188726997E+01  1.100000000000000533E+00  1.654556291378091109E-11  1.820011920911888122E-11  0.000000000000000000E+00  2.750000000124440125E-01  4.471036097691426628E-12  2.750000000079729223E-01  0.000000000000000000E+00
  3.717149376200113409E+01  1.100000000000000533E+00  1.654556291465441381E-11  1.820011920944975347E-11  0.000000000000000000E+00  2.750000000124439015E-01  4.289608338316236004E-12  2.750000000081543328E-01  0.000000000000000000E+00
  3.731124740045739685E+01  1.100000000000000977E+00  1.654556291460147425E-11  1.820011920942328369E-11  0.000000000000000000E+00  2.750000000124439570E-01  3.891388320367357091E-12  2.750000000085525143E-01  0.000000000000000000E+00
  3.745100105261369805E+01  1.100000000000000755E+00  1.654556291470735337E-11  1.820011920956886748E-11  0.000000000000000000E+00  2.750000000124440680E-01  3.597616467487359639E-12  2.750000000088462793E-01  0.000000000000000000E+00
  3.759075466829657586E+01  1.100000000000000533E+00  1.654556291468088359E-11  1.820011920930416968E-11  0.000000000000000000E+00  2.750000000124439570E-01  3.636923882421689458E-12  2.750000000088069774E-01  0.000000000000000000E+00
  3.773050834472054760E+01  1.100000000000001421E+00  1.654556291446912536E-11  1.820011921009826307E-11  0.000000000000000000E+00  2.750000000124439570E-01  3.953467488088352688E-12  2.750000000084903973E-01  0.000000000000000000E+00
  3.787026195171114296E+01  1.100000000000000533E+00  1.654556291499852095E-11  1.820011920919829056E-11  0.000000000000000000E+00  2.750000000124439570E-01  4.252689330623151732E-12  2.750000000081912477E-01  0.000000000000000000E+00
  3.801001562094941022E+01  1.100000000000000977E+00  1.654556291473382315E-11  1.820011920938357902E-11  0.000000000000000000E+00  2.750000000124438460E-01  4.259409691727429047E-12  2.750000000081844753E-01  0.000000000000000000E+00
  3.814976925322860524E+01  1.100000000000000977E+00  1.654556291541914229E-11  1.820011920968136404E-11  0.000000000000000000E+00  2.750000000124439015E-01  3.949359779544445788E-12  2.750000000084945606E-01  0.000000000000000000E+00
  3.828952289902413497E+01  1.100000000000000533E+00  1.654556291513086985E-11  1.820011920938357902E-11  0.000000000000000000E+00  2.750000000124439015E-01  3.570085326873713039E-12  2.750000000088738128E-01  0.000000000000000000E+00
  3.842927657241502715E+01  1.100000000000000977E+00  1.654556291494558139E-11  1.820011920956886748E-11  0.000000000000000000E+00  2.750000000124438460E-01  3.426217375101319139E-12  2.750000000090176422E-01  0.000000000000000000E+00
  3.856903019701786661E+01  1.100000000000000755E+00  1.654556291446912536E-11  1.820011920941004880E-11  0.000000000000000000E+00  2.750000000124439570E-01  3.618465670740517403E-12  2.750000000088253516E-01  0.000000000000000000E+00
  3.870878388699712502E+01  1.100000000000000755E+00  1.654556291457500447E-11  1.820011920890712299E-11  0.000000000000000000E+00  2.750000000124438460E-01  3.960773605039780396E-12  2.750000000084832363E-01  0.000000000000000000E+00
  3.884853750947389983E+01  1.100000000000000311E+00  1.654556291478676271E-11  1.820011920941004880E-11  0.000000000000000000E+00  2.750000000124439570E-01  4.138979047068677954E-12  2.750000000083049345E-01  0.000000000000000000E+00
  3.898829118639594782E+01  1.100000000000000533E+00  1.654556291528968852E-11  1.820011920923137779E-11  0.000000000000000000E+00  2.750000000124438460E-01  3.982783438708002050E-12  2.750000000084610874E-01  0.000000000000000000E+00
  3.912804484155795848E+01  1.100000000000000533E+00  1.654556291497205117E-11  1.820011920928762607E-11  0.000000000000000000E+00  2.750000000124439570E-01  3.609408622504151007E-12  2.750000000088344554E-01  0.000000000000000000E+00
  3.926779849449221160E+01  1.100000000000000311E+00  1.654556291505146051E-11  1.820011920938357902E-11  0.000000000000000000E+00  2.750000000124439015E-01  3.319624018643214985E-12  2.750000000091243346E-01  0.000000000000000000E+00
  3.940755218721136544E+01  1.100000000000000755E+00  1.654556291462794403E-11  1.820011920930416968E-11  0.000000000000000000E+00  2.750000000124439015E-01  3.341819332713021798E-12  2.750000000091020191E-01  0.000000000000000000E+00
  3.954730582140103223E+01  1.100000000000000533E+00  1.654556291446912536E-11  1.820011920993944439E-11  0.000000000000000000E+00  2.750000000124439570E-01  3.634979087209946579E-12  2.750000000088089758E-01  0.000000000000000000E+00
  3.968705952289596439E+01  1.100000000000000977E+00  1.654556291547497698E-11  1.820011920951592792E-11  0.000000000000000000E+00  2.750000000124439570E-01  3.927946766879551160E-12  2.750000000085159324E-01  0.000000000000000000E+00
  3.982681316268696037E+01  1.100000000000000533E+00  1.654556291534262808E-11  1.820011920962180704E-11  0.000000000000000000E+00  2.750000000124440680E-01  3.951235046578659418E-12  2.750000000084926732E-01  0.000000000000000000E+00
  3.996656684648536384E+01  1.100000000000000089E+00  1.654556291478014527E-11  1.820011920955935490E-11  0.000000000000000000E+00  2.750000000124439570E-01  3.668345141443204145E-12  2.750000000087756691E-01  0.000000000000000000E+00
  4.010632052435262551E+01  1.100000000000001199E+00  1.654556291515733963E-11  1.820011920974092104E-11  0.000000000000000000E+00  2.750000000124439570E-01  3.305754196772789299E-12  2.750000000091380459E-01  0.000000000000000000E+00
  4.024607418437649642E+01  1.100000000000000533E+00  1.654556291534262808E-11  1.820011920980709549E-11  0.000000000000000000E+00  2.750000000124437904E-01  3.154330788730561216E-12  2.750000000092894803E-01  0.000000000000000000E+00
  4.038582789430040521E+01  1.100000000000000533E+00  1.654556291457500447E-11  1.820011920986003505E-11  0.000000000000000000E+00  2.750000000124438460E-01  3.324462074809267963E-12  2.750000000091195052E-01  0.000000000000000000E+00
  4.052558153910490546E+01  1.100000000000000533E+00  1.654556291441618580E-11  1.820011920978062571E-11  0.000000000000000000E+00  2.750000000124438460E-01  3.649119927801353028E-12  2.750000000087947094E-01  0.000000000000000000E+00
  4.066533525031606899E+01  1.100000000000000977E+00  1.654556291478676271E-11  1.820011920988650483E-11  0.000000000000000000E+00  2.750000000124437904E-01  3.832223832573790684E-12  2.750000000086116891E-01  0.000000000000000000E+00
  4.080508890917714382E+01  1.100000000000000977E+00  1.654556291517057452E-11  1.820011920980709549E-11  0.000000000000000000E+00  2.750000000124437349E-01  3.700124917256924052E-12  2.750000000087436391E-01  0.000000000000000000E+00
  4.094484259944957927E+01  1.100000000000000977E+00  1.654556291491911161E-11  1.820011921021075963E-11  0.000000000000000000E+00  2.750000000124437349E-01  3.350600596819803387E-12  2.750000000090932484E-01  0.000000000000000000E+00
  4.108459629901341259E+01  1.100000000000000533E+00  1.654556291489264183E-11  1.820011921041590042E-11  0.000000000000000000E+00  2.750000000124439015E-01  3.066535294665951357E-12  2.750000000093772434E-01  0.000000000000000000E+00
  4.122434996621322512E+01  1.100000000000000977E+00  1.654556291494558139E-11  1.820011921031002131E-11  0.000000000000000000E+00  2.750000000124437904E-01  3.071867811096643526E-12  2.750000000093719699E-01  0.000000000000000000E+00
  4.136410369112941510E+01  1.100000000000000977E+00  1.654556291536909786E-11  1.820011921028355153E-11  0.000000000000000000E+00  2.750000000124438460E-01  3.343030761499477571E-12  2.750000000091008534E-01  0.000000000000000000E+00
  4.150385734797311699E+01  1.100000000000000977E+00  1.654556291489264183E-11  1.820011921017767241E-11  0.000000000000000000E+00  2.750000000124438460E-01  3.627858883652226418E-12  2.750000000088159702E-01  0.000000000000000000E+00
  4.164361106731420392E+01  1.100000000000000755E+00  1.654556291470735337E-11  1.820011921021737708E-11  0.000000000000000000E+00  2.750000000124437904E-01  3.666300174689276084E-12  2.750000000087774454E-01  0.000000000000000000E+00
  4.178336474667162292E+01  1.100000000000000533E+00  1.654556291448732333E-11  1.820011921021737708E-11  0.000000000000000000E+00  2.750000000124437349E-01  3.410073975883394261E-12  2.750000000090338514E-01  0.000000000000000000E+00
  4.192311844314085789E+01  1.100000000000000311E+00  1.654556291481323249E-11  1.820011921032325619E-11  0.000000000000000000E+00  2.750000000124437904E-01  3.063606845949722962E-12  2.750000000093801855E-01  0.000000000000000000E+00
  4.206287216290942865E+01  1.100000000000000977E+00  1.654556291478676271E-11  1.820011921033649108E-11  0.000000000000000000E+00  2.750000000124437349E-01  2.906795249499249755E-12  2.750000000095370600E-01  0.000000000000000000E+00
  4.220262583767308939E+01  1.100000000000001199E+00  1.654556291425736712E-11  1.820011920988650483E-11  0.000000000000000000E+00  2.750000000124437349E-01  3.054725630179578156E-12  2.750000000093889563E-01  0.000000000000000000E+00
  4.234237957537961705E+01  1.100000000000001199E+00  1.654556291415148800E-11  1.820011920956886748E-11  0.000000000000000000E+00  2.750000000124437904E-01  3.362421559073687261E-12  2.750000000090812025E-01  0.000000000000000000E+00
  4.248213324600278185E+01  1.100000000000001421E+00  1.654556291468088359E-11  1.820011920999238395E-11  0.000000000000000000E+00  2.750000000124437349E-01  3.548449371172705517E-12  2.750000000088952401E-01  0.000000000000000000E+00
  4.262188697219222178E+01  1.100000000000001643E+00  1.654556291477352782E-11  1.820011920995929673E-11  0.000000000000000000E+00  2.750000000124436239E-01  3.438657937684764837E-12  2.750000000090049301E-01  0.000000000000000000E+00
  4.276164067285770187E+01  1.100000000000000977E+00  1.654556291479999760E-11  1.820011920990304844E-11  0.000000000000000000E+00  2.750000000124436239E-01  3.113120259404634932E-12  2.750000000093305030E-01  0.000000000000000000E+00
  4.290139437530726241E+01  1.100000000000001643E+00  1.654556291499852095E-11  1.820011921012473285E-11  0.000000000000000000E+00  2.750000000124435129E-01  2.835043068003200056E-12  2.750000000096085584E-01  0.000000000000000000E+00
  4.304114811348333802E+01  1.100000000000001199E+00  1.654556291489264183E-11  1.820011921007179329E-11  0.000000000000000000E+00  2.750000000124436794E-01  2.825784053113116871E-12  2.750000000096179398E-01  0.000000000000000000E+00
  4.318090179647368387E+01  1.100000000000001421E+00  1.654556291483970227E-11  1.820011921009826307E-11  0.000000000000000000E+00  2.750000000124435129E-01  3.074420584700233618E-12  2.750000000093692498E-01  0.000000000000000000E+00
  4.332065554497611259E+01  1.100000000000001421E+00  1.654556291468088359E-11  1.820011921023061197E-11  0.000000000000000000E+00  2.750000000124436794E-01  3.350981236893611818E-12  2.750000000090926933E-01  0.000000000000000000E+00
  4.346040923120106925E+01  1.100000000000001865E+00  1.654556291494558139E-11  1.820011921007179329E-11  0.000000000000000000E+00  2.750000000124436794E-01  3.402584075551280090E-12  2.750000000090412344E-01  0.000000000000000000E+00
  4.360016296329474272E+01  1.100000000000001865E+00  1.654556291526983619E-11  1.820011920998907523E-11  0.000000000000000000E+00  2.750000000124437349E-01  3.171359672417213904E-12  2.750000000092723274E-01  0.000000000000000000E+00
  4.373991668534062427E+01  1.100000000000001643E+00  1.654556291502499073E-11  1.820011921008502818E-11  0.000000000000000000E+00  2.750000000124437349E-01  2.842031770221665148E-12  2.750000000096016750E-01  0.000000000000000000E+00
  4.387967039373408795E+01  1.100000000000001643E+00  1.654556291505146051E-11  1.820011921015120263E-11  0.000000000000000000E+00  2.750000000124438460E-01  2.680407837895283129E-12  2.750000000097633235E-01  0.000000000000000000E+00
  4.401942414830539718E+01  1.100000000000001421E+00  1.654556291494558139E-11  1.820011921033649108E-11  0.000000000000000000E+00  2.750000000124436794E-01  2.808279150666099850E-12  2.750000000096354813E-01  0.000000000000000000E+00
  4.415917784050202499E+01  1.100000000000001643E+00  1.654556291518380940E-11  1.820011920956886748E-11  0.000000000000000000E+00  2.750000000124437349E-01  3.098108998729574819E-12  2.750000000093456576E-01  0.000000000000000000E+00
  4.429893159801858360E+01  1.100000000000001421E+00  1.654556291515733963E-11  1.820011920999238395E-11  0.000000000000000000E+00  2.750000000124437349E-01  3.286040505962851693E-12  2.750000000091578078E-01  0.000000000000000000E+00
  4.443868530157990193E+01  1.100000000000001421E+00  1.654556291528968852E-11  1.820011920996591417E-11  0.000000000000000000E+00  2.750000000124437349E-01  3.196947115127911582E-12  2.750000000092467922E-01  0.000000000000000000E+00
  4.457843903914713479E+01  1.100000000000000977E+00  1.654556291531450394E-11  1.820011921017767241E-11  0.000000000000000000E+00  2.750000000124436794E-01  2.894290830647833976E-12  2.750000000095495500E-01  0.000000000000000000E+00
  4.471819278175875922E+01  1.100000000000001421E+00  1.654556291547497698E-11  1.820011921033649108E-11  0.000000000000000000E+00  2.750000000124437349E-01  2.623669578892050808E-12  2.750000000098200559E-01  0.000000000000000000E+00
  4.485794649621710306E+01  1.100000000000000977E+00  1.654556291571320500E-11  1.820011921007179329E-11  0.000000000000000000E+00  2.750000000124437349E-01  2.600523509606449837E-12  2.750000000098431485E-01  0.000000000000000000E+00
  4.499770026510041276E+01  1.100000000000000977E+00  1.654556291536909786E-11  1.820011921017767241E-11  0.000000000000000000E+00  2.750000000124437349E-01  2.828377856500481321E-12  2.750000000096152197E-01  0.000000000000000000E+00
  4.513745396780558394E+01  1.100000000000000977E+00  1.654556291552791654E-11  1.820011921020414219E-11  0.000000000000000000E+00  2.750000000124437904E-01  3.095085890189316381E-12  2.750000000093487107E-01  0.000000000000000000E+00
  4.527720773274563015E+01  1.100000000000001643E+00  1.654556291510440007E-11  1.820011921007179329E-11  0.000000000000000000E+00  2.750000000124437349E-01  3.158293628963921326E-12  2.750000000092854280E-01  0.000000000000000000E+00
  4.541696145513584071E+01  1.100000000000000977E+00  1.654556291551633601E-11  1.820011921016443752E-11  0.000000000000000000E+00  2.750000000124437349E-01  2.951072484004046034E-12  2.750000000094927066E-01  0.000000000000000000E+00
  4.555671519791261659E+01  1.100000000000000755E+00  1.654556291548821187E-11  1.820011920996591417E-11  0.000000000000000000E+00  2.750000000124438460E-01  2.638405870242438299E-12  2.750000000098054009E-01  0.000000000000000000E+00
  4.569646895977493983E+01  1.100000000000000533E+00  1.654556291518380940E-11  1.820011920980709549E-11  0.000000000000000000E+00  2.750000000124438460E-01  2.474075236301686280E-12  2.750000000099697139E-01  0.000000000000000000E+00
  4.583622268063085414E+01  1.100000000000000977E+00  1.654556291534262808E-11  1.820011920978062571E-11  0.000000000000000000E+00  2.750000000124437904E-01  2.582418201378052595E-12  2.750000000098614672E-01  0.000000000000000000E+00
  4.597597646169207763E+01  1.100000000000000755E+00  1.654556291536909786E-11  1.820011920978062571E-11  0.000000000000000000E+00  2.750000000124437349E-01  2.854932474069192042E-12  2.750000000095888519E-01  0.000000000000000000E+00
  4.611573017654286843E+01  1.100000000000000533E+00  1.654556291528968852E-11  1.820011920964827682E-11  0.000000000000000000E+00  2.750000000124439570E-01  3.042815920996304294E-12  2.750000000094011132E-01  0.000000000000000000E+00
  4.625548394760125603E+01  1.100000000000000533E+00  1.654556291517057452E-11  1.820011921000561884E-11  0.000000000000000000E+00  2.750000000124437349E-01  2.972635769623722775E-12  2.750000000094712238E-01  0.000000000000000000E+00
  4.639523768980319574E+01  1.100000000000000533E+00  1.654556291539556764E-11  1.820011920993448131E-11  0.000000000000000000E+00  2.750000000124438460E-01  2.692702261277624278E-12  2.750000000097511110E-01  0.000000000000000000E+00
  4.653499143760755885E+01  1.100000000000000755E+00  1.654556291514410474E-11  1.820011920986003505E-11  0.000000000000000000E+00  2.750000000124437904E-01  2.430068165395633091E-12  2.750000000100137898E-01  0.000000000000000000E+00
  4.667474521703937285E+01  1.100000000000000533E+00  1.654556291523674896E-11  1.820011920980709549E-11  0.000000000000000000E+00  2.750000000124437904E-01  2.395336714632211803E-12  2.750000000100485398E-01  0.000000000000000000E+00
  4.681449894490688024E+01  1.100000000000000755E+00  1.654556291510440007E-11  1.820011920993944439E-11  0.000000000000000000E+00  2.750000000124438460E-01  2.602084916368273545E-12  2.750000000098416497E-01  0.000000000000000000E+00
  4.695425273613319206E+01  1.100000000000000533E+00  1.654556291494558139E-11  1.820011920970121637E-11  0.000000000000000000E+00  2.750000000124437349E-01  2.858561823520663137E-12  2.750000000095852437E-01  0.000000000000000000E+00
  4.709400646496800391E+01  1.099999999999999867E+00  1.654556291523674896E-11  1.820011920954239770E-11  0.000000000000000000E+00  2.750000000124437904E-01  2.931348932821102360E-12  2.750000000095124131E-01  0.000000000000000000E+00
  4.723376024115615479E+01  1.100000000000000311E+00  1.654556291514410474E-11  1.820011920984018272E-11  0.000000000000000000E+00  2.750000000124438460E-01  2.746754975077669582E-12  2.750000000096970432E-01  0.000000000000000000E+00
  4.737351400347749575E+01  1.100000000000000755E+00  1.654556291528968852E-11  1.820011920957548492E-11  0.000000000000000000E+00  2.750000000124436794E-01  2.451652484719840086E-12  2.750000000099920849E-01  0.000000000000000000E+00
  4.751326775624714571E+01  1.100000000000001199E+00  1.654556291521027918E-11  1.820011920972768615E-11  0.000000000000000000E+00  2.750000000124438460E-01  2.285472171130151420E-12  2.750000000101583963E-01  0.000000000000000000E+00
  4.765302155131532658E+01  1.100000000000000311E+00  1.654556291547497698E-11  1.820011920951592792E-11  0.000000000000000000E+00  2.750000000124439015E-01  2.376113688901733246E-12  2.750000000100677466E-01  0.000000000000000000E+00
  4.779277528707935119E+01  1.100000000000000533E+00  1.654556291502499073E-11  1.820011920972768615E-11  0.000000000000000000E+00  2.750000000124437904E-01  2.630492861761729660E-12  2.750000000098132835E-01  0.000000000000000000E+00
  4.793252908669492030E+01  1.100000000000001199E+00  1.654556291494558139E-11  1.820011920948945814E-11  0.000000000000000000E+00  2.750000000124437349E-01  2.817295869179219051E-12  2.750000000096264330E-01  0.000000000000000000E+00
  4.807228283128827684E+01  1.100000000000000755E+00  1.654556291563379566E-11  1.820011920968798148E-11  0.000000000000000000E+00  2.750000000124436794E-01  2.764345662443489539E-12  2.750000000096793906E-01  0.000000000000000000E+00
  4.821203661210407887E+01  1.100000000000000533E+00  1.654556291554115143E-11  1.820011920951592792E-11  0.000000000000000000E+00  2.750000000124436794E-01  2.506455447600672568E-12  2.750000000099371844E-01  0.000000000000000000E+00
  4.835179039391962874E+01  1.100000000000000533E+00  1.654556291542203742E-11  1.820011920963504193E-11  0.000000000000000000E+00  2.750000000124436794E-01  2.253122433068279085E-12  2.750000000101905928E-01  0.000000000000000000E+00
  4.849154415177833499E+01  1.100000000000000977E+00  1.654556291560732588E-11  1.820011920988650483E-11  0.000000000000000000E+00  2.750000000124436239E-01  2.207664599433249343E-12  2.750000000102360564E-01  0.000000000000000000E+00
  4.863129796049062037E+01  1.100000000000000533E+00  1.654556291558085610E-11  1.820011920927769990E-11  0.000000000000000000E+00  2.750000000124437349E-01  2.394750152473737497E-12  2.750000000100488728E-01  0.000000000000000000E+00
  4.877105170541193502E+01  1.100000000000000755E+00  1.654556291518380940E-11  1.820011920948945814E-11  0.000000000000000000E+00  2.750000000124437904E-01  2.639649929042090283E-12  2.750000000098041242E-01  0.000000000000000000E+00
  4.891080551187245362E+01  1.100000000000000755E+00  1.654556291521027918E-11  1.820011920987326994E-11  0.000000000000000000E+00  2.750000000124438460E-01  2.720585555130821685E-12  2.750000000097231889E-01  0.000000000000000000E+00
  4.905055927374139202E+01  1.100000000000000089E+00  1.654556291531615830E-11  1.820011920937034413E-11  0.000000000000000000E+00  2.750000000124437904E-01  2.557463761271660661E-12  2.750000000098864472E-01  0.000000000000000000E+00
  4.919031305893003037E+01  1.100000000000000977E+00  1.654556291548821187E-11  1.820011920909241144E-11  0.000000000000000000E+00  2.750000000124437349E-01  2.279610707158715681E-12  2.750000000101640030E-01  0.000000000000000000E+00
  4.933006685905560573E+01  1.100000000000000977E+00  1.654556291542203742E-11  1.820011920902623699E-11  0.000000000000000000E+00  2.750000000124437904E-01  2.113339291084185259E-12  2.750000000103304809E-01  0.000000000000000000E+00
  4.946982062226263821E+01  1.100000000000000533E+00  1.654556291544850720E-11  1.820011920898653233E-11  0.000000000000000000E+00  2.750000000124437904E-01  2.187102687789816316E-12  2.750000000102565956E-01  0.000000000000000000E+00
  4.960957444261776317E+01  1.100000000000000533E+00  1.654556291568673522E-11  1.820011920906594166E-11  0.000000000000000000E+00  2.750000000124437904E-01  2.424096638969487790E-12  2.750000000100196740E-01  0.000000000000000000E+00
  4.974932819823764873E+01  1.100000000000000533E+00  1.654556291502499073E-11  1.820011920896006255E-11  0.000000000000000000E+00  2.750000000124437904E-01  2.608066045580735833E-12  2.750000000098355435E-01  0.000000000000000000E+00
  4.988908201026135458E+01  1.100000000000001199E+00  1.654556291568673522E-11  1.820011920899976721E-11  0.000000000000000000E+00  2.750000000124437349E-01  2.570825129906077153E-12  2.750000000098728470E-01  0.000000000000000000E+00
