  #time                     mass                      x-momentum                y-momentum                z-momentum                E_total                   E_kinetic                 E_internal                MagEnergy                
  0.000000000000000000E+00  1.099999999999975664E+00  1.654556292351346001E-11  1.820011917821313879E-11  0.000000000000000000E+00  2.750000000124455668E-01  2.749999999493007952E-11  2.749999999849416787E-01  0.000000000000000000E+00
  1.716337417621177294E-02  1.099999999999992983E+00  1.654556291701022420E-11  1.820011921242760367E-11  0.000000000000000000E+00  2.750000000124395716E-01  2.752543066663931453E-11  2.749999999849196408E-01  0.000000000000000000E+00
  3.463244598163939952E-02  1.099999999999999423E+00  1.654556291266918034E-11  1.820011921840977386E-11  0.000000000000000000E+00  2.750000000124412924E-01  2.759271844339526563E-11  2.749999999848499188E-01  0.000000000000000000E+00
  5.210151689761468446E-02  1.099999999999988320E+00  1.654556291436324624E-11  1.820011919675749415E-11  0.000000000000000000E+00  2.750000000124464550E-01  2.767331189537740337E-11  2.749999999847689280E-01  0.000000000000000000E+00
  6.957058654966528921E-02  1.100000000000003642E+00  1.654556292505703720E-11  1.820011919495754914E-11  0.000000000000000000E+00  2.750000000124460664E-01  2.773300716434059759E-11  2.749999999847095866E-01  0.000000000000000000E+00
  8.703965466559136777E-02  1.099999999999994316E+00  1.654556290832813649E-11  1.820011920681601040E-11  0.000000000000000000E+00  2.750000000124420696E-01  2.774646564319361352E-11  2.749999999846962639E-01  0.000000000000000000E+00
  1.045087211204956817E-01  1.099999999999993650E+00  1.654556291870429009E-11  1.820011919612221944E-11  0.000000000000000000E+00  2.750000000124457333E-01  2.770796295517535152E-11  2.749999999847339005E-01  0.000000000000000000E+00
  1.219777859809022119E-01  1.099999999999996980E+00  1.654556291521027918E-11  1.820011920268672478E-11  0.000000000000000000E+00  2.750000000124439015E-01  2.763381740811190742E-11  2.749999999848105059E-01  0.000000000000000000E+00
  1.394468495186448886E-01  1.100000000000000755E+00  1.654556291923368568E-11  1.820011920697482908E-11  0.000000000000000000E+00  2.750000000124440125E-01  2.755546747618845626E-11  2.749999999848887211E-01  0.000000000000000000E+00
  1.569159121908425270E-01  1.100000000000001199E+00  1.654556291862488075E-11  1.820011920067502153E-11  0.000000000000000000E+00  2.750000000124441790E-01  2.750613516237091640E-11  2.749999999849370158E-01  0.000000000000000000E+00
  1.743849745792036277E-01  1.099999999999999201E+00  1.654556291679846596E-11  1.820011920083384021E-11  0.000000000000000000E+00  2.750000000124441790E-01  2.750673561766424474E-11  2.749999999849367383E-01  0.000000000000000000E+00
  1.918540372597781762E-01  1.100000000000000533E+00  1.654556292812753163E-11  1.820011920713364775E-11  0.000000000000000000E+00  2.750000000124446231E-01  2.755700022961909846E-11  2.749999999848859455E-01  0.000000000000000000E+00
  2.093231008037993168E-01  1.099999999999996092E+00  1.654556290758698266E-11  1.820011919993386770E-11  0.000000000000000000E+00  2.750000000124439570E-01  2.763558640750574895E-11  2.749999999848077303E-01  0.000000000000000000E+00
  2.267921656676009645E-01  1.100000000000000533E+00  1.654556292283357571E-11  1.820011921380403221E-11  0.000000000000000000E+00  2.750000000124430133E-01  2.770914213227093901E-11  2.749999999847341781E-01  0.000000000000000000E+00
  2.442612321255941410E-01  1.100000000000000089E+00  1.654556292230418012E-11  1.820011920363963685E-11  0.000000000000000000E+00  2.750000000124434574E-01  2.774644898387521882E-11  2.749999999846970966E-01  0.000000000000000000E+00
  2.617303002416664359E-01  1.099999999999998757E+00  1.654556291161038916E-11  1.820011920745128511E-11  0.000000000000000000E+00  2.750000000124433464E-01  2.773166576328299016E-11  2.749999999847115850E-01  0.000000000000000000E+00
  2.791993698898808107E-01  1.100000000000005196E+00  1.654556291595143301E-11  1.820011920893359277E-11  0.000000000000000000E+00  2.750000000124435684E-01  2.767104875370271831E-11  2.749999999847722587E-01  0.000000000000000000E+00
  2.966684407951618585E-01  1.099999999999999645E+00  1.654556291573967478E-11  1.820011920051620285E-11  0.000000000000000000E+00  2.750000000124438460E-01  2.759029746779107556E-11  2.749999999848525833E-01  0.000000000000000000E+00
  3.141375125874004137E-01  1.100000000000002087E+00  1.654556291573967478E-11  1.820011920779539224E-11  0.000000000000000000E+00  2.750000000124436239E-01  2.752365251353577754E-11  2.749999999849193077E-01  0.000000000000000000E+00
  3.316065848455388987E-01  1.099999999999999867E+00  1.654556291937926947E-11  1.820011919710325565E-11  0.000000000000000000E+00  2.750000000124438460E-01  2.749937092830658009E-11  2.749999999849436771E-01  0.000000000000000000E+00
  3.490756571418526244E-01  1.099999999999999645E+00  1.654556293162154254E-11  1.820011920003974682E-11  0.000000000000000000E+00  2.750000000124436239E-01  2.752774328979411664E-11  2.749999999849158661E-01  0.000000000000000000E+00
  3.665447289556610366E-01  1.099999999999997646E+00  1.654556290695170795E-11  1.820011920379845552E-11  0.000000000000000000E+00  2.750000000124430133E-01  2.759671441478034790E-11  2.749999999848468102E-01  0.000000000000000000E+00
  3.840137998536795050E-01  1.099999999999995648E+00  1.654556290885753208E-11  1.820011920935710924E-11  0.000000000000000000E+00  2.750000000124430688E-01  2.767700906741237048E-11  2.749999999847669852E-01  0.000000000000000000E+00
  4.014828694669794751E-01  1.099999999999997424E+00  1.654556291923368568E-11  1.820011920702776863E-11  0.000000000000000000E+00  2.750000000124426247E-01  2.773455001409789161E-11  2.749999999847081433E-01  0.000000000000000000E+00
  4.189519375280110758E-01  1.099999999999999201E+00  1.654556290314005969E-11  1.820011919929859299E-11  0.000000000000000000E+00  2.750000000124437349E-01  2.774491240458286306E-11  2.749999999846989840E-01  0.000000000000000000E+00
  4.364210039212389480E-01  1.099999999999998757E+00  1.654556292082187246E-11  1.820011920702776863E-11  0.000000000000000000E+00  2.750000000124443456E-01  2.770368515988147526E-11  2.749999999847405618E-01  0.000000000000000000E+00
  4.538900687220626673E-01  1.099999999999998312E+00  1.654556291542203742E-11  1.820011920183969183E-11  0.000000000000000000E+00  2.750000000124441235E-01  2.762834228348238770E-11  2.749999999848150578E-01  0.000000000000000000E+00
  4.713591322139918383E-01  1.099999999999999423E+00  1.654556291325151549E-11  1.820011920115147756E-11  0.000000000000000000E+00  2.750000000124439570E-01  2.755083006255511584E-11  2.749999999848930510E-01  0.000000000000000000E+00
  4.888281948599977333E-01  1.100000000000002087E+00  1.654556291824106895E-11  1.820011920484401182E-11  0.000000000000000000E+00  2.750000000124434019E-01  2.750401513407314924E-11  2.749999999849389032E-01  0.000000000000000000E+00
  5.062972572465476162E-01  1.100000000000000089E+00  1.654556291460147425E-11  1.820011920959533726E-11  0.000000000000000000E+00  2.750000000124436239E-01  2.750774534421733497E-11  2.749999999849354060E-01  0.000000000000000000E+00
  5.237663199507524014E-01  1.100000000000001421E+00  1.654556291526321874E-11  1.820011920506900494E-11  0.000000000000000000E+00  2.750000000124431798E-01  2.756042390472094800E-11  2.749999999848840582E-01  0.000000000000000000E+00
  5.412353835449718042E-01  1.099999999999999645E+00  1.654556291521027918E-11  1.820011920342787861E-11  0.000000000000000000E+00  2.750000000124434574E-01  2.763968382120339145E-11  2.749999999848032894E-01  0.000000000000000000E+00
  5.587044484801590993E-01  1.099999999999997868E+00  1.654556290938692767E-11  1.820011920702776863E-11  0.000000000000000000E+00  2.750000000124438460E-01  2.771188716093039949E-11  2.749999999847323462E-01  0.000000000000000000E+00
  5.761735150173252773E-01  1.100000000000000533E+00  1.654556291711610332E-11  1.820011920131029624E-11  0.000000000000000000E+00  2.750000000124435129E-01  2.774638917856633267E-11  2.749999999846965415E-01  0.000000000000000000E+00
  5.936425832086832388E-01  1.099999999999999423E+00  1.654556291319857593E-11  1.820011920925123012E-11  0.000000000000000000E+00  2.750000000124428468E-01  2.772853848741190450E-11  2.749999999847155263E-01  0.000000000000000000E+00
  6.111116529199459579E-01  1.100000000000000755E+00  1.654556292124538893E-11  1.820011920512194450E-11  0.000000000000000000E+00  2.750000000124439570E-01  2.766589260603224092E-11  2.749999999847772547E-01  0.000000000000000000E+00
  6.285807238718910117E-01  1.099999999999998535E+00  1.654556291245742211E-11  1.820011920406315332E-11  0.000000000000000000E+00  2.750000000124436794E-01  2.758501163112188328E-11  2.749999999848584675E-01  0.000000000000000000E+00
  6.460497956918574980E-01  1.100000000000001199E+00  1.654556291780431759E-11  1.820011920570427965E-11  0.000000000000000000E+00  2.750000000124436239E-01  2.752019110557541333E-11  2.749999999849225829E-01  0.000000000000000000E+00
  6.635188679586785376E-01  1.099999999999999201E+00  1.654556291970352427E-11  1.820011921483304489E-11  0.000000000000000000E+00  2.750000000124441790E-01  2.749891440616769343E-11  2.749999999849447319E-01  0.000000000000000000E+00
  6.809879402424098283E-01  1.100000000000002087E+00  1.654556291341033417E-11  1.820011920395727420E-11  0.000000000000000000E+00  2.750000000124434019E-01  2.753019758299807980E-11  2.749999999849133125E-01  0.000000000000000000E+00
  6.984570120195748855E-01  1.100000000000004308E+00  1.654556291775137803E-11  1.820011921708628488E-11  0.000000000000000000E+00  2.750000000124434019E-01  2.760074997819355157E-11  2.749999999848422583E-01  0.000000000000000000E+00
  7.159260828602813653E-01  1.099999999999996536E+00  1.654556290991632326E-11  1.820011920406315332E-11  0.000000000000000000E+00  2.750000000124435129E-01  2.768062563852448062E-11  2.749999999847633214E-01  0.000000000000000000E+00
  7.333951523993357258E-01  1.099999999999999423E+00  1.654556291573967478E-11  1.820011921518046075E-11  0.000000000000000000E+00  2.750000000124426802E-01  2.773592496369634435E-11  2.749999999847074772E-01  0.000000000000000000E+00
  7.508642203764410716E-01  1.099999999999998535E+00  1.654556291637494949E-11  1.820011920236908742E-11  0.000000000000000000E+00  2.750000000124433464E-01  2.774317405346183278E-11  2.749999999847007603E-01  0.000000000000000000E+00
  7.683332866826413365E-01  1.100000000000000533E+00  1.654556291521027918E-11  1.820011920056914241E-11  0.000000000000000000E+00  2.750000000124426247E-01  2.769928241949951759E-11  2.749999999847437260E-01  0.000000000000000000E+00
  7.858023514053968928E-01  1.100000000000000977E+00  1.654556292135126805E-11  1.820011920416903244E-11  0.000000000000000000E+00  2.750000000124436794E-01  2.762285438167034698E-11  2.749999999848203869E-01  0.000000000000000000E+00
  8.032714148372472884E-01  1.099999999999998535E+00  1.654556291468088359E-11  1.820011920596897745E-11  0.000000000000000000E+00  2.750000000124434019E-01  2.754629649229746768E-11  2.749999999848970478E-01  0.000000000000000000E+00
  8.207404774510483891E-01  1.100000000000004086E+00  1.654556291654700305E-11  1.820011920449990468E-11  0.000000000000000000E+00  2.750000000124429023E-01  2.750207058311267977E-11  2.749999999849409571E-01  0.000000000000000000E+00
  8.382095398360632776E-01  1.100000000000002309E+00  1.654556292526879543E-11  1.820011919710160128E-11  0.000000000000000000E+00  2.750000000124432353E-01  2.750892663529034701E-11  2.749999999849347398E-01  0.000000000000000000E+00
  8.556786025679677943E-01  1.099999999999998090E+00  1.654556293140978430E-11  1.820011920046326329E-11  0.000000000000000000E+00  2.750000000124437904E-01  2.756394117276460665E-11  2.749999999848799503E-01  0.000000000000000000E+00
  8.731476662168362601E-01  1.100000000000002753E+00  1.654556291457500447E-11  1.820011921433342780E-11  0.000000000000000000E+00  2.750000000124440125E-01  2.764375628947898439E-11  2.749999999847999033E-01  0.000000000000000000E+00
  8.906167312257433633E-01  1.100000000000000755E+00  1.654556292315121307E-11  1.820011920459254891E-11  0.000000000000000000E+00  2.750000000124446786E-01  2.771449848838354343E-11  2.749999999847290710E-01  0.000000000000000000E+00
  9.080857978439447198E-01  1.099999999999998979E+00  1.654556292039835599E-11  1.820011919665161503E-11  0.000000000000000000E+00  2.750000000124429578E-01  2.774614288610942821E-11  2.749999999846988730E-01  0.000000000000000000E+00
  9.255548661133288224E-01  1.100000000000003419E+00  1.654556291404560888E-11  1.820011921158057073E-11  0.000000000000000000E+00  2.750000000124437904E-01  2.772525018602163209E-11  2.749999999847185239E-01  0.000000000000000000E+00
  9.430239358910730285E-01  1.100000000000000755E+00  1.654556291944544392E-11  1.820011920332199949E-11  0.000000000000000000E+00  2.750000000124426802E-01  2.766066850314635862E-11  2.749999999847821397E-01  0.000000000000000000E+00
  9.604930068919890207E-01  1.100000000000001643E+00  1.654556291648082861E-11  1.820011920432785112E-11  0.000000000000000000E+00  2.750000000124435129E-01  2.757977899406166561E-11  2.749999999848648513E-01  0.000000000000000000E+00
  9.779620787391989367E-01  1.099999999999998535E+00  1.654556291677199618E-11  1.820011920716011753E-11  0.000000000000000000E+00  2.750000000124436239E-01  2.751688079103113410E-11  2.749999999849264687E-01  0.000000000000000000E+00
  9.954311510127323848E-01  1.099999999999999423E+00  1.654556291679846596E-11  1.820011920690203718E-11  0.000000000000000000E+00  2.750000000124439570E-01  2.749864204825250181E-11  2.749999999849451759E-01  0.000000000000000000E+00
  1.012900223278691447E+00  1.100000000000001199E+00  1.654556292177478453E-11  1.820011922052735623E-11  0.000000000000000000E+00  2.750000000124437349E-01  2.753279009732937218E-11  2.749999999849111476E-01  0.000000000000000000E+00
  1.030369295013582986E+00  1.099999999999999423E+00  1.654556291701022420E-11  1.820011920692188952E-11  0.000000000000000000E+00  2.750000000124431798E-01  2.760481843146900052E-11  2.749999999848383725E-01  0.000000000000000000E+00
  1.047838365791657012E+00  1.100000000000001421E+00  1.654556292399824601E-11  1.820011920882771365E-11  0.000000000000000000E+00  2.750000000124427357E-01  2.768415513895807372E-11  2.749999999847595467E-01  0.000000000000000000E+00
  1.065307435251138912E+00  1.100000000000000533E+00  1.654556292706874045E-11  1.820011921041590042E-11  0.000000000000000000E+00  2.750000000124437349E-01  2.773712919363591442E-11  2.749999999847063115E-01  0.000000000000000000E+00
  1.082776503136965607E+00  1.099999999999998090E+00  1.654556291129275180E-11  1.820011919358112060E-11  0.000000000000000000E+00  2.750000000124438460E-01  2.774125314617608030E-11  2.749999999847017595E-01  0.000000000000000000E+00
  1.100245569349354913E+00  1.099999999999999423E+00  1.654556291298681770E-11  1.820011921306287838E-11  0.000000000000000000E+00  2.750000000124437349E-01  2.769476216669269323E-11  2.749999999847496657E-01  0.000000000000000000E+00
  1.117714633987245909E+00  1.099999999999999645E+00  1.654556290981044415E-11  1.820011920702776863E-11  0.000000000000000000E+00  2.750000000124431243E-01  2.761736322436036928E-11  2.749999999848267151E-01  0.000000000000000000E+00
  1.135183697353915555E+00  1.099999999999997868E+00  1.654556291134569136E-11  1.820011920676307084E-11  0.000000000000000000E+00  2.750000000124432353E-01  2.754187474567339704E-11  2.749999999849019328E-01  0.000000000000000000E+00
  1.152652759929982951E+00  1.100000000000003197E+00  1.654556291753961979E-11  1.820011920493665605E-11  0.000000000000000000E+00  2.750000000124435129E-01  2.750030492181521517E-11  2.749999999849429555E-01  0.000000000000000000E+00
  1.170121822308614057E+00  1.099999999999999201E+00  1.654556291431030668E-11  1.820011920403668354E-11  0.000000000000000000E+00  2.750000000124430688E-01  2.751027743104797135E-11  2.749999999849334076E-01  0.000000000000000000E+00
  1.187590885064114365E+00  1.099999999999997424E+00  1.654556291743374067E-11  1.820011921179232896E-11  0.000000000000000000E+00  2.750000000124437349E-01  2.756754590855489259E-11  2.749999999848758980E-01  0.000000000000000000E+00
  1.205059948763016697E+00  1.100000000000001865E+00  1.654556291277505946E-11  1.820011920099265889E-11  0.000000000000000000E+00  2.750000000124432353E-01  2.764779657088166951E-11  2.749999999847948517E-01  0.000000000000000000E+00
  1.222529013839234402E+00  1.100000000000003197E+00  1.654556291743374067E-11  1.820011920395727420E-11  0.000000000000000000E+00  2.750000000124440125E-01  2.771697112815701986E-11  2.749999999847260179E-01  0.000000000000000000E+00
  1.239998080532415115E+00  1.100000000000001199E+00  1.654556292569231191E-11  1.820011919368699972E-11  0.000000000000000000E+00  2.750000000124428468E-01  2.774570976211870123E-11  2.749999999846984289E-01  0.000000000000000000E+00
  1.257467148872046581E+00  1.099999999999998979E+00  1.654556290864577384E-11  1.820011920776892246E-11  0.000000000000000000E+00  2.750000000124435129E-01  2.772180563734592923E-11  2.749999999847216325E-01  0.000000000000000000E+00
  1.274936218708973890E+00  1.100000000000000533E+00  1.654556291552791654E-11  1.820011920258084566E-11  0.000000000000000000E+00  2.750000000124442345E-01  2.765538455351600010E-11  2.749999999847869137E-01  0.000000000000000000E+00
  1.292405289751206610E+00  1.099999999999999645E+00  1.654556291288093858E-11  1.820011920273966434E-11  0.000000000000000000E+00  2.750000000124430133E-01  2.757460782854565934E-11  2.749999999848694587E-01  0.000000000000000000E+00
  1.309874361617228145E+00  1.100000000000000755E+00  1.654556291391325998E-11  1.820011920631308459E-11  0.000000000000000000E+00  2.750000000124425692E-01  2.751372673309239423E-11  2.749999999849295773E-01  0.000000000000000000E+00
  1.327343433888895863E+00  1.100000000000000089E+00  1.654556291981602084E-11  1.820011920816596916E-11  0.000000000000000000E+00  2.750000000124436239E-01  2.749855398528446748E-11  2.749999999849452315E-01  0.000000000000000000E+00
  1.344812506125937279E+00  1.099999999999999867E+00  1.654556292135126805E-11  1.820011920411609288E-11  0.000000000000000000E+00  2.750000000124438460E-01  2.753551619618278040E-11  2.749999999849073173E-01  0.000000000000000000E+00
  1.362281577806082833E+00  1.100000000000002975E+00  1.654556291489264183E-11  1.820011920628661481E-11  0.000000000000000000E+00  2.750000000124435129E-01  2.760891261324159896E-11  2.749999999848341536E-01  0.000000000000000000E+00
  1.379750648507788613E+00  1.099999999999998312E+00  1.654556291955132304E-11  1.820011921327463662E-11  0.000000000000000000E+00  2.750000000124438460E-01  2.768759118048017479E-11  2.749999999847559384E-01  0.000000000000000000E+00
  1.397219717874026435E+00  1.099999999999996092E+00  1.654556291658670772E-11  1.820011921772155959E-11  0.000000000000000000E+00  2.750000000124440125E-01  2.773815996925950327E-11  2.749999999847057008E-01  0.000000000000000000E+00
  1.414688785654943493E+00  1.100000000000000755E+00  1.654556292600994926E-11  1.820011920798068070E-11  0.000000000000000000E+00  2.750000000124434019E-01  2.773915196534093295E-11  2.749999999847043131E-01  0.000000000000000000E+00
  1.432157851762377865E+00  1.099999999999999867E+00  1.654556291732786155E-11  1.820011920279260390E-11  0.000000000000000000E+00  2.750000000124430688E-01  2.769013086999633820E-11  2.749999999847539400E-01  0.000000000000000000E+00
  1.449626916305511104E+00  1.099999999999999423E+00  1.654556291605731213E-11  1.820011920395727420E-11  0.000000000000000000E+00  2.750000000124440680E-01  2.761187698240869561E-11  2.749999999848317667E-01  0.000000000000000000E+00
  1.467095979599613687E+00  1.099999999999999201E+00  1.654556291616319125E-11  1.820011920475136759E-11  0.000000000000000000E+00  2.750000000124431798E-01  2.753757137193294086E-11  2.749999999849066512E-01  0.000000000000000000E+00
  1.484565042133120905E+00  1.099999999999998090E+00  1.654556291506469540E-11  1.820011920620720547E-11  0.000000000000000000E+00  2.750000000124437904E-01  2.749872043651178456E-11  2.749999999849444543E-01  0.000000000000000000E+00
  1.502034104502285583E+00  1.100000000000002753E+00  1.654556291738080111E-11  1.820011921290405971E-11  0.000000000000000000E+00  2.750000000124439570E-01  2.751179500712612170E-11  2.749999999849314647E-01  0.000000000000000000E+00
  1.519503167282123979E+00  1.100000000000000089E+00  1.654556291023396062E-11  1.820011918971653278E-11  0.000000000000000000E+00  2.750000000124436239E-01  2.757123177521122434E-11  2.749999999848720122E-01  0.000000000000000000E+00
  1.536972231035442782E+00  1.099999999999999867E+00  1.654556290673994971E-11  1.820011920374551596E-11  0.000000000000000000E+00  2.750000000124439570E-01  2.765179755478816241E-11  2.749999999847920762E-01  0.000000000000000000E+00
  1.554441296185459231E+00  1.099999999999998757E+00  1.654556292389236689E-11  1.820011919209881294E-11  0.000000000000000000E+00  2.750000000124434574E-01  2.771930032673489322E-11  2.749999999847241305E-01  0.000000000000000000E+00
  1.571910362959974439E+00  1.100000000000002975E+00  1.654556291637494949E-11  1.820011920512194450E-11  0.000000000000000000E+00  2.750000000124436239E-01  2.774508958093710927E-11  2.749999999846985954E-01  0.000000000000000000E+00
  1.589379431376904961E+00  1.100000000000001643E+00  1.654556291235154299E-11  1.820011921031002131E-11  0.000000000000000000E+00  2.750000000124437904E-01  2.771820937405703362E-11  2.749999999847263510E-01  0.000000000000000000E+00
  1.606848501277521102E+00  1.099999999999999645E+00  1.654556292198654276E-11  1.820011920268672478E-11  0.000000000000000000E+00  2.750000000124436239E-01  2.765004825765378902E-11  2.749999999847929644E-01  0.000000000000000000E+00
  1.624317572363048079E+00  1.099999999999998757E+00  1.654556291446912536E-11  1.820011920660425216E-11  0.000000000000000000E+00  2.750000000124435129E-01  2.756950553459283575E-11  2.749999999848737886E-01  0.000000000000000000E+00
  1.641786644249385363E+00  1.100000000000003419E+00  1.654556291473382315E-11  1.820011920168087315E-11  0.000000000000000000E+00  2.750000000124444566E-01  2.751073324912022446E-11  2.749999999849332966E-01  0.000000000000000000E+00
  1.659255716519853818E+00  1.100000000000001199E+00  1.654556291842635741E-11  1.820011920345434839E-11  0.000000000000000000E+00  2.750000000124441790E-01  2.749864973968348703E-11  2.749999999849445653E-01  0.000000000000000000E+00
  1.676724788726745352E+00  1.100000000000000533E+00  1.654556291044571886E-11  1.820011921565691678E-11  0.000000000000000000E+00  2.750000000124432353E-01  2.753837095394306099E-11  2.749999999849050969E-01  0.000000000000000000E+00
  1.694193860350549530E+00  1.100000000000001643E+00  1.654556291912780657E-11  1.820011920406315332E-11  0.000000000000000000E+00  2.750000000124439570E-01  2.761302539658703714E-11  2.749999999848304899E-01  0.000000000000000000E+00
  1.711662930973851582E+00  1.100000000000000533E+00  1.654556292346885042E-11  1.820011920755716423E-11  0.000000000000000000E+00  2.750000000124434574E-01  2.769092755354126120E-11  2.749999999847528298E-01  0.000000000000000000E+00
  1.729132000244215872E+00  1.099999999999997646E+00  1.654556292442176249E-11  1.820011920882771365E-11  0.000000000000000000E+00  2.750000000124435129E-01  2.773901479194137313E-11  2.749999999847046461E-01  0.000000000000000000E+00
  1.746601067920759087E+00  1.100000000000000533E+00  1.654556291023396062E-11  1.820011920565134010E-11  0.000000000000000000E+00  2.750000000124431243E-01  2.773687285161635167E-11  2.749999999847071996E-01  0.000000000000000000E+00
  1.764070133925637940E+00  1.100000000000000755E+00  1.654556291584555389E-11  1.820011920776892246E-11  0.000000000000000000E+00  2.750000000124433464E-01  2.768539485237742634E-11  2.749999999847581034E-01  0.000000000000000000E+00
  1.781539198380059030E+00  1.100000000000000533E+00  1.654556292135126805E-11  1.820011920215732919E-11  0.000000000000000000E+00  2.750000000124444011E-01  2.760640334246247368E-11  2.749999999848374843E-01  0.000000000000000000E+00
  1.799008261609658987E+00  1.100000000000000533E+00  1.654556291716904288E-11  1.820011920692188952E-11  0.000000000000000000E+00  2.750000000124438460E-01  2.753339227609270738E-11  2.749999999849101484E-01  0.000000000000000000E+00
  1.816477324110135960E+00  1.100000000000000755E+00  1.654556291371473664E-11  1.820011920426167667E-11  0.000000000000000000E+00  2.750000000124441790E-01  2.749731887277205643E-11  2.749999999849452870E-01  0.000000000000000000E+00
  1.833946386479271107E+00  1.100000000000000089E+00  1.654556291348974351E-11  1.820011919980151880E-11  0.000000000000000000E+00  2.750000000124426247E-01  2.751347627819160680E-11  2.749999999849305210E-01  0.000000000000000000E+00
  1.851415449291871518E+00  1.100000000000000977E+00  1.654556291955132304E-11  1.820011921046883998E-11  0.000000000000000000E+00  2.750000000124442900E-01  2.757499228686394973E-11  2.749999999848691257E-01  0.000000000000000000E+00
  1.868884513105554035E+00  1.100000000000002309E+00  1.654556291997483951E-11  1.820011920162793360E-11  0.000000000000000000E+00  2.750000000124430688E-01  2.765575221893595917E-11  2.749999999847886345E-01  0.000000000000000000E+00
  1.886353578333344272E+00  1.099999999999996536E+00  1.654556292473939984E-11  1.820011920618073569E-11  0.000000000000000000E+00  2.750000000124445676E-01  2.772148156817308336E-11  2.749999999847218546E-01  0.000000000000000000E+00
  1.903822645191454610E+00  1.100000000000002753E+00  1.654556292061011422E-11  1.820011921041590042E-11  0.000000000000000000E+00  2.750000000124435684E-01  2.774428234622470037E-11  2.749999999846984844E-01  0.000000000000000000E+00
  1.921291713686333003E+00  1.100000000000000755E+00  1.654556291383385065E-11  1.820011919898095564E-11  0.000000000000000000E+00  2.750000000124436239E-01  2.771446599664511705E-11  2.749999999847289600E-01  0.000000000000000000E+00
  1.938760783650735453E+00  1.100000000000000533E+00  1.654556291097511445E-11  1.820011919675749415E-11  0.000000000000000000E+00  2.750000000124435129E-01  2.764466694789332793E-11  2.749999999847991816E-01  0.000000000000000000E+00
  1.956229854779570010E+00  1.100000000000000533E+00  1.654556292013365819E-11  1.820011920199851051E-11  0.000000000000000000E+00  2.750000000124440125E-01  2.756447914685907769E-11  2.749999999848782295E-01  0.000000000000000000E+00
  1.973698926685716337E+00  1.100000000000000089E+00  1.654556291738080111E-11  1.820011919821333203E-11  0.000000000000000000E+00  2.750000000124436239E-01  2.750790412820842509E-11  2.749999999849356280E-01  0.000000000000000000E+00
  1.991167998954960217E+00  1.099999999999997424E+00  1.654556291184861718E-11  1.820011919573840763E-11  0.000000000000000000E+00  2.750000000124444011E-01  2.749892835336786475E-11  2.749999999849448429E-01  0.000000000000000000E+00
  2.008637071131340157E+00  1.099999999999998535E+00  1.654556291521027918E-11  1.820011919951035123E-11  0.000000000000000000E+00  2.750000000124431243E-01  2.754134914539028187E-11  2.749999999849005450E-01  0.000000000000000000E+00
  2.026106142700764501E+00  1.100000000000000977E+00  1.654556292219830100E-11  1.820011920819243894E-11  0.000000000000000000E+00  2.750000000124437349E-01  2.761714960867509533E-11  2.749999999848264376E-01  0.000000000000000000E+00
  2.043575213249263722E+00  1.099999999999998979E+00  1.654556291182214740E-11  1.820011920840419717E-11  0.000000000000000000E+00  2.750000000124431798E-01  2.769415823359826034E-11  2.749999999847499432E-01  0.000000000000000000E+00
  2.061044282428756258E+00  1.100000000000000089E+00  1.654556290726934530E-11  1.820011920406315332E-11  0.000000000000000000E+00  2.750000000124430688E-01  2.773969144745428113E-11  2.749999999847030363E-01  0.000000000000000000E+00
  2.078513350005396720E+00  1.099999999999997868E+00  1.654556291531615830E-11  1.820011920342787861E-11  0.000000000000000000E+00  2.750000000124436239E-01  2.773441831840608241E-11  2.749999999847091425E-01  0.000000000000000000E+00
  2.095982415910420560E+00  1.100000000000002753E+00  1.654556291044571886E-11  1.820011920808655982E-11  0.000000000000000000E+00  2.750000000124441790E-01  2.768056045340361275E-11  2.749999999847635435E-01  0.000000000000000000E+00
  2.113451480277274808E+00  1.100000000000001199E+00  1.654556291648082861E-11  1.820011920363963685E-11  0.000000000000000000E+00  2.750000000124436239E-01  2.760094980586566629E-11  2.749999999848429244E-01  0.000000000000000000E+00
  2.130920543441317871E+00  1.099999999999996980E+00  1.654556291902192745E-11  1.820011920422197200E-11  0.000000000000000000E+00  2.750000000124434019E-01  2.752934303408722409E-11  2.749999999849139232E-01  0.000000000000000000E+00
  2.148389605906998234E+00  1.099999999999998979E+00  1.654556292072261079E-11  1.820011920269995967E-11  0.000000000000000000E+00  2.750000000124441235E-01  2.749610155741403803E-11  2.749999999849479515E-01  0.000000000000000000E+00
  2.165858668274709853E+00  1.099999999999998757E+00  1.654556291206037541E-11  1.820011921168644984E-11  0.000000000000000000E+00  2.750000000124444011E-01  2.751531783885317165E-11  2.749999999849286891E-01  0.000000000000000000E+00
  2.183327731118151149E+00  1.100000000000001421E+00  1.654556291266918034E-11  1.820011921073353778E-11  0.000000000000000000E+00  2.750000000124441235E-01  2.757882083579004793E-11  2.749999999848641297E-01  0.000000000000000000E+00
  2.200796794990467209E+00  1.100000000000000533E+00  1.654556292738637780E-11  1.820011920946298836E-11  0.000000000000000000E+00  2.750000000124426802E-01  2.765965357638289011E-11  2.749999999847829169E-01  0.000000000000000000E+00
  2.218265860295128178E+00  1.100000000000000977E+00  1.654556291679846596E-11  1.820011919612221944E-11  0.000000000000000000E+00  2.750000000124442900E-01  2.772351053867152684E-11  2.749999999847199672E-01  0.000000000000000000E+00
  2.235734927236481706E+00  1.100000000000002087E+00  1.654556292272769659E-11  1.820011919474579090E-11  0.000000000000000000E+00  2.750000000124432908E-01  2.774328828397321170E-11  2.749999999847001497E-01  0.000000000000000000E+00
  2.253203995808564564E+00  1.100000000000001199E+00  1.654556291192802651E-11  1.820011920618073569E-11  0.000000000000000000E+00  2.750000000124428468E-01  2.771058027297939184E-11  2.749999999847325127E-01  0.000000000000000000E+00
  2.270673065836730231E+00  1.100000000000004974E+00  1.654556291902192745E-11  1.820011920723952687E-11  0.000000000000000000E+00  2.750000000124428468E-01  2.763924791022619136E-11  2.749999999848045107E-01  0.000000000000000000E+00
  2.288142137009919530E+00  1.100000000000000977E+00  1.654556291796313626E-11  1.820011920644543348E-11  0.000000000000000000E+00  2.750000000124426802E-01  2.755953543325753615E-11  2.749999999848832810E-01  0.000000000000000000E+00
  2.305611208936334755E+00  1.099999999999996758E+00  1.654556291822783406E-11  1.820011920221026875E-11  0.000000000000000000E+00  2.750000000124423472E-01  2.750524281458513698E-11  2.749999999849385146E-01  0.000000000000000000E+00
  2.323080281204685793E+00  1.100000000000000311E+00  1.654556292016012797E-11  1.820011919737953397E-11  0.000000000000000000E+00  2.750000000124432908E-01  2.749938857143627530E-11  2.749999999849447874E-01  0.000000000000000000E+00
  2.340549353349169692E+00  1.099999999999999867E+00  1.654556290467530690E-11  1.820011919204587338E-11  0.000000000000000000E+00  2.750000000124442900E-01  2.754444536467915843E-11  2.749999999848995458E-01  0.000000000000000000E+00
  2.358018424861413109E+00  1.099999999999996980E+00  1.654556290949280679E-11  1.820011920363963685E-11  0.000000000000000000E+00  2.750000000124429578E-01  2.762127804614670847E-11  2.749999999848227183E-01  0.000000000000000000E+00
  2.375487495330093957E+00  1.100000000000001421E+00  1.654556291065747709E-11  1.820011921613337282E-11  0.000000000000000000E+00  2.750000000124428468E-01  2.769727734666315561E-11  2.749999999847461130E-01  0.000000000000000000E+00
  2.392956564413382559E+00  1.100000000000000755E+00  1.654556291944544392E-11  1.820011920946298836E-11  0.000000000000000000E+00  2.750000000124436794E-01  2.774018793909667990E-11  2.749999999847033694E-01  0.000000000000000000E+00
  2.410425631883983399E+00  1.100000000000001643E+00  1.654556291573967478E-11  1.820011920427491156E-11  0.000000000000000000E+00  2.750000000124435684E-01  2.773179111578194122E-11  2.749999999847115850E-01  0.000000000000000000E+00
  2.427894697685148095E+00  1.099999999999996092E+00  1.654556292029247687E-11  1.820011920448666979E-11  0.000000000000000000E+00  2.750000000124432908E-01  2.767563403899176408E-11  2.749999999847677623E-01  0.000000000000000000E+00
  2.445363761961914406E+00  1.100000000000000755E+00  1.654556291213978475E-11  1.820011920491018627E-11  0.000000000000000000E+00  2.750000000124423472E-01  2.759552374110212768E-11  2.749999999848474763E-01  0.000000000000000000E+00
  2.462832825061021857E+00  1.099999999999998312E+00  1.654556291393972976E-11  1.820011920766304334E-11  0.000000000000000000E+00  2.750000000124441790E-01  2.752542891589319499E-11  2.749999999849195298E-01  0.000000000000000000E+00
  2.480301887493419510E+00  1.099999999999998979E+00  1.654556292319753518E-11  1.820011920550244758E-11  0.000000000000000000E+00  2.750000000124437349E-01  2.749506946673287261E-11  2.749999999849482291E-01  0.000000000000000000E+00
  2.497770949861831902E+00  1.100000000000003419E+00  1.654556292352178998E-11  1.820011920506900494E-11  0.000000000000000000E+00  2.750000000124427912E-01  2.751731597566527437E-11  2.749999999849258026E-01  0.000000000000000000E+00
  2.515240012739038633E+00  1.100000000000001199E+00  1.654556291256330122E-11  1.820011919850449960E-11  0.000000000000000000E+00  2.750000000124432908E-01  2.758271068593896125E-11  2.749999999848612431E-01  0.000000000000000000E+00
  2.532709076673333115E+00  1.100000000000003642E+00  1.654556291923368568E-11  1.820011921094529602E-11  0.000000000000000000E+00  2.750000000124433464E-01  2.766349477585820314E-11  2.749999999847798637E-01  0.000000000000000000E+00
  2.550178142055412156E+00  1.100000000000002531E+00  1.654556292579819103E-11  1.820011920363963685E-11  0.000000000000000000E+00  2.750000000124440680E-01  2.772538320176317887E-11  2.749999999847183019E-01  0.000000000000000000E+00
  2.567647209078255610E+00  1.100000000000001421E+00  1.654556291753961979E-11  1.820011920099265889E-11  0.000000000000000000E+00  2.750000000124437349E-01  2.774210790653872826E-11  2.749999999847018151E-01  0.000000000000000000E+00
  2.585116277726217326E+00  1.100000000000001421E+00  1.654556291669258684E-11  1.820011920543958186E-11  0.000000000000000000E+00  2.750000000124437349E-01  2.770655713208679496E-11  2.749999999847373422E-01  0.000000000000000000E+00
  2.602585347815979500E+00  1.099999999999995870E+00  1.654556291722198243E-11  1.820011920988650483E-11  0.000000000000000000E+00  2.750000000124434574E-01  2.763379840067570754E-11  2.749999999848091736E-01  0.000000000000000000E+00
  2.620054419030442894E+00  1.100000000000002531E+00  1.654556291902192745E-11  1.820011920284554346E-11  0.000000000000000000E+00  2.750000000124432353E-01  2.755468096470479987E-11  2.749999999848883880E-01  0.000000000000000000E+00
  2.637523490974198026E+00  1.099999999999997868E+00  1.654556291341033417E-11  1.820011920308377147E-11  0.000000000000000000E+00  2.750000000124434019E-01  2.750275240415658368E-11  2.749999999849410681E-01  0.000000000000000000E+00
  2.654992563238218750E+00  1.100000000000003419E+00  1.654556291656023794E-11  1.820011920215732919E-11  0.000000000000000000E+00  2.750000000124431798E-01  2.750002877214999121E-11  2.749999999849435106E-01  0.000000000000000000E+00
  2.672461635346377040E+00  1.099999999999999867E+00  1.654556292124538893E-11  1.820011919490460958E-11  0.000000000000000000E+00  2.750000000124432353E-01  2.754765399032334145E-11  2.749999999848953269E-01  0.000000000000000000E+00
  2.689930706795623738E+00  1.100000000000000977E+00  1.654556292251593835E-11  1.820011920692188952E-11  0.000000000000000000E+00  2.750000000124435129E-01  2.762540349256006474E-11  2.749999999848178334E-01  0.000000000000000000E+00
  2.707399777178282285E+00  1.099999999999998312E+00  1.654556291319857593E-11  1.820011920258084566E-11  0.000000000000000000E+00  2.750000000124439570E-01  2.770027916327104331E-11  2.749999999847435594E-01  0.000000000000000000E+00
  2.724868846158721603E+00  1.100000000000001421E+00  1.654556291055159797E-11  1.820011919823980181E-11  0.000000000000000000E+00  2.750000000124440680E-01  2.774050250015440350E-11  2.749999999847028698E-01  0.000000000000000000E+00
  2.742337913517044257E+00  1.100000000000001421E+00  1.654556291859841097E-11  1.820011920226320831E-11  0.000000000000000000E+00  2.750000000124425137E-01  2.772899426446573152E-11  2.749999999847154708E-01  0.000000000000000000E+00
  2.759806979211180344E+00  1.099999999999998535E+00  1.654556290928104855E-11  1.820011920829831806E-11  0.000000000000000000E+00  2.750000000124432353E-01  2.767062211967700178E-11  2.749999999847726473E-01  0.000000000000000000E+00
  2.777276043396363026E+00  1.099999999999996536E+00  1.654556291722198243E-11  1.820011920475136759E-11  0.000000000000000000E+00  2.750000000124436794E-01  2.759013241297430273E-11  2.749999999848534160E-01  0.000000000000000000E+00
  2.794745106430132964E+00  1.100000000000002975E+00  1.654556291446912536E-11  1.820011920866889497E-11  0.000000000000000000E+00  2.750000000124437349E-01  2.752165495005783115E-11  2.749999999849221388E-01  0.000000000000000000E+00
  2.812214168829111571E+00  1.100000000000002309E+00  1.654556291279491180E-11  1.820011920980626831E-11  0.000000000000000000E+00  2.750000000124434019E-01  2.749422328126562437E-11  2.749999999849497834E-01  0.000000000000000000E+00
  2.829683231196831628E+00  1.099999999999997202E+00  1.654556291679846596E-11  1.820011920639249392E-11  0.000000000000000000E+00  2.750000000124432353E-01  2.751946672625621977E-11  2.749999999849251364E-01  0.000000000000000000E+00
  2.847152294105809389E+00  1.099999999999999645E+00  1.654556292293945483E-11  1.820011920178675227E-11  0.000000000000000000E+00  2.750000000124432908E-01  2.758665498005966412E-11  2.749999999848568022E-01  0.000000000000000000E+00
  2.864621358098140558E+00  1.099999999999998979E+00  1.654556291521027918E-11  1.820011921094529602E-11  0.000000000000000000E+00  2.750000000124433464E-01  2.766726903560432878E-11  2.749999999847766996E-01  0.000000000000000000E+00
  2.882090423555138781E+00  1.099999999999995648E+00  1.654556291626907037E-11  1.820011919940447211E-11  0.000000000000000000E+00  2.750000000124439015E-01  2.772709574161691509E-11  2.749999999847165255E-01  0.000000000000000000E+00
  2.899559490658510708E+00  1.099999999999999867E+00  1.654556291425736712E-11  1.820011921327463662E-11  0.000000000000000000E+00  2.750000000124438460E-01  2.774074198494876813E-11  2.749999999847030363E-01  0.000000000000000000E+00
  2.917028559379677866E+00  1.100000000000000311E+00  1.654556292124538893E-11  1.820011920268672478E-11  0.000000000000000000E+00  2.750000000124437349E-01  2.770240162668302629E-11  2.749999999847410059E-01  0.000000000000000000E+00
  2.934497629527848872E+00  1.099999999999999423E+00  1.654556291690434508E-11  1.820011921327463662E-11  0.000000000000000000E+00  2.750000000124429578E-01  2.762832570888577327E-11  2.749999999848138366E-01  0.000000000000000000E+00
  2.951966700780057185E+00  1.100000000000000755E+00  1.654556291743374067E-11  1.820011920464548847E-11  0.000000000000000000E+00  2.750000000124437349E-01  2.754992215568873416E-11  2.749999999848941612E-01  0.000000000000000000E+00
  2.969435772738441948E+00  1.099999999999996092E+00  1.654556292190713342E-11  1.820011920258084566E-11  0.000000000000000000E+00  2.750000000124437349E-01  2.750043571341824101E-11  2.749999999849428445E-01  0.000000000000000000E+00
  2.986904844995582398E+00  1.100000000000000533E+00  1.654556292209242188E-11  1.820011919850449960E-11  0.000000000000000000E+00  2.750000000124427357E-01  2.750084705519875402E-11  2.749999999849427890E-01  0.000000000000000000E+00
  3.004373917064166122E+00  1.100000000000000755E+00  1.654556291791019670E-11  1.820011921740392224E-11  0.000000000000000000E+00  2.750000000124442900E-01  2.755096922415870324E-11  2.749999999848929955E-01  0.000000000000000000E+00
  3.021842988449577661E+00  1.099999999999998979E+00  1.654556292389236689E-11  1.820011920999238395E-11  0.000000000000000000E+00  2.750000000124434574E-01  2.762951875045840435E-11  2.749999999848133925E-01  0.000000000000000000E+00
  3.039312058747670520E+00  1.100000000000002753E+00  1.654556291510440007E-11  1.820011920480430715E-11  0.000000000000000000E+00  2.750000000124435129E-01  2.770315813537175456E-11  2.749999999847400622E-01  0.000000000000000000E+00
  3.056781127628737327E+00  1.099999999999999867E+00  1.654556291743374067E-11  1.820011920141617536E-11  0.000000000000000000E+00  2.750000000124437904E-01  2.774063362493156290E-11  2.749999999847035914E-01  0.000000000000000000E+00
  3.074250194879346587E+00  1.099999999999999423E+00  1.654556292071599334E-11  1.820011920374551596E-11  0.000000000000000000E+00  2.750000000124437904E-01  2.772603098215620899E-11  2.749999999847175802E-01  0.000000000000000000E+00
  3.091719260468628772E+00  1.100000000000000089E+00  1.654556291266918034E-11  1.820011920131029624E-11  0.000000000000000000E+00  2.750000000124436794E-01  2.766553126391047368E-11  2.749999999847782539E-01  0.000000000000000000E+00
  3.109188324564035710E+00  1.100000000000001421E+00  1.654556291923368568E-11  1.820011920236908742E-11  0.000000000000000000E+00  2.750000000124436794E-01  2.758478299353897467E-11  2.749999999848586896E-01  0.000000000000000000E+00
  3.126657387533657850E+00  1.100000000000002531E+00  1.654556291589849345E-11  1.820011920260731544E-11  0.000000000000000000E+00  2.750000000124429023E-01  2.751802586761314553E-11  2.749999999849250809E-01  0.000000000000000000E+00
  3.144126449902441500E+00  1.099999999999999201E+00  1.654556291375113258E-11  1.820011920314167412E-11  0.000000000000000000E+00  2.750000000124436239E-01  2.749356334145795517E-11  2.749999999849501719E-01  0.000000000000000000E+00
  3.161595512275046094E+00  1.100000000000001421E+00  1.654556290673994971E-11  1.820011920877477409E-11  0.000000000000000000E+00  2.750000000124434574E-01  2.752176589117755394E-11  2.749999999849216392E-01  0.000000000000000000E+00
  3.179064575222494415E+00  1.099999999999999423E+00  1.654556290970456503E-11  1.820011920178675227E-11  0.000000000000000000E+00  2.750000000124439015E-01  2.759064680121623696E-11  2.749999999848526944E-01  0.000000000000000000E+00
  3.196533639279594219E+00  1.100000000000001421E+00  1.654556291383385065E-11  1.820011920056914241E-11  0.000000000000000000E+00  2.750000000124432908E-01  2.767096965506728802E-11  2.749999999847729804E-01  0.000000000000000000E+00
  3.214002704817958911E+00  1.100000000000002309E+00  1.654556291499852095E-11  1.820011920173381271E-11  0.000000000000000000E+00  2.750000000124439015E-01  2.772864459927459845E-11  2.749999999847146381E-01  0.000000000000000000E+00
  3.231471772007976195E+00  1.099999999999996092E+00  1.654556292272769659E-11  1.820011921380403221E-11  0.000000000000000000E+00  2.750000000124440125E-01  2.773919158742466515E-11  2.749999999847036469E-01  0.000000000000000000E+00
  3.248940840810582209E+00  1.100000000000002531E+00  1.654556291849253186E-11  1.820011920554546098E-11  0.000000000000000000E+00  2.750000000124436239E-01  2.769811905860015823E-11  2.749999999847447807E-01  0.000000000000000000E+00
  3.266409911025589974E+00  1.100000000000002753E+00  1.654556291192802651E-11  1.820011921073353778E-11  0.000000000000000000E+00  2.750000000124442900E-01  2.762283711900009977E-11  2.749999999848203869E-01  0.000000000000000000E+00
  3.283878982324125673E+00  1.099999999999999201E+00  1.654556292008071863E-11  1.820011919929859299E-11  0.000000000000000000E+00  2.750000000124430133E-01  2.754526523197935650E-11  2.749999999848989907E-01  0.000000000000000000E+00
  3.301348054305403679E+00  1.099999999999998090E+00  1.654556291689111019E-11  1.820011920543958186E-11  0.000000000000000000E+00  2.750000000124431243E-01  2.749829528776326212E-11  2.749999999849446208E-01  0.000000000000000000E+00
  3.318817126564458153E+00  1.100000000000001421E+00  1.654556291468088359E-11  1.820011919929859299E-11  0.000000000000000000E+00  2.750000000124442345E-01  2.750184123338225511E-11  2.749999999849416232E-01  0.000000000000000000E+00
  3.336286198604304865E+00  1.100000000000003642E+00  1.654556291706316376E-11  1.820011920078090065E-11  0.000000000000000000E+00  2.750000000124435684E-01  2.755438508789386851E-11  2.749999999848896093E-01  0.000000000000000000E+00
  3.353755269938015093E+00  1.099999999999998090E+00  1.654556290875165296E-11  1.820011920861595541E-11  0.000000000000000000E+00  2.750000000124438460E-01  2.763361659649113821E-11  2.749999999848098398E-01  0.000000000000000000E+00
  3.371224340164578059E+00  1.099999999999998312E+00  1.654556291658670772E-11  1.820011920512194450E-11  0.000000000000000000E+00  2.750000000124435129E-01  2.770590888447323910E-11  2.749999999847370091E-01  0.000000000000000000E+00
  3.388693408958152187E+00  1.100000000000002309E+00  1.654556290811637825E-11  1.820011920533370274E-11  0.000000000000000000E+00  2.750000000124438460E-01  2.774058008435654259E-11  2.749999999847023147E-01  0.000000000000000000E+00
  3.406162476114455995E+00  1.100000000000000311E+00  1.654556290864577384E-11  1.820011921168644984E-11  0.000000000000000000E+00  2.750000000124435684E-01  2.772290472206397860E-11  2.749999999847209109E-01  0.000000000000000000E+00
  3.423631541613097795E+00  1.099999999999997868E+00  1.654556292230418012E-11  1.820011920851007629E-11  0.000000000000000000E+00  2.750000000124432908E-01  2.766036815525595948E-11  2.749999999847837495E-01  0.000000000000000000E+00
  3.441100605632417597E+00  1.100000000000001865E+00  1.654556291828077362E-11  1.820011920745128511E-11  0.000000000000000000E+00  2.750000000124429578E-01  2.757948257701767386E-11  2.749999999848636301E-01  0.000000000000000000E+00
  3.458569668550493859E+00  1.099999999999996092E+00  1.654556291399266932E-11  1.820011920350728795E-11  0.000000000000000000E+00  2.750000000124439570E-01  2.751454616641812589E-11  2.749999999849283006E-01  0.000000000000000000E+00
  3.476038730900391727E+00  1.100000000000000977E+00  1.654556291592165451E-11  1.820011920764649973E-11  0.000000000000000000E+00  2.750000000124435684E-01  2.749308970745331431E-11  2.749999999849507271E-01  0.000000000000000000E+00
  3.493507793287502938E+00  1.099999999999999201E+00  1.654556291769843847E-11  1.820011921120999381E-11  0.000000000000000000E+00  2.750000000124432353E-01  2.752420903771401295E-11  2.749999999849185306E-01  0.000000000000000000E+00
  3.510976856281483816E+00  1.099999999999997424E+00  1.654556290917516944E-11  1.820011921158057073E-11  0.000000000000000000E+00  2.750000000124437349E-01  2.759467914942404967E-11  2.749999999848489196E-01  0.000000000000000000E+00
  3.528445920410406611E+00  1.100000000000002753E+00  1.654556291033983974E-11  1.820011922058029579E-11  0.000000000000000000E+00  2.750000000124434019E-01  2.767459003162099509E-11  2.749999999847689836E-01  0.000000000000000000E+00
  3.545914986035590744E+00  1.100000000000003864E+00  1.654556292600994926E-11  1.820011920639249392E-11  0.000000000000000000E+00  2.750000000124442900E-01  2.773002644228479101E-11  2.749999999847140275E-01  0.000000000000000000E+00
  3.563384053314822442E+00  1.100000000000002087E+00  1.654556291203390563E-11  1.820011920882771365E-11  0.000000000000000000E+00  2.750000000124440125E-01  2.773745800505619207E-11  2.749999999847054788E-01  0.000000000000000000E+00
  3.580853122200000627E+00  1.099999999999997424E+00  1.654556291965720216E-11  1.820011919538106561E-11  0.000000000000000000E+00  2.750000000124439570E-01  2.769371488470692564E-11  2.749999999847506649E-01  0.000000000000000000E+00
  3.598322192482342974E+00  1.099999999999998535E+00  1.654556291690434508E-11  1.820011920099265889E-11  0.000000000000000000E+00  2.750000000124430688E-01  2.761733989419127589E-11  2.749999999848261600E-01  0.000000000000000000E+00
  3.615791263825435031E+00  1.099999999999996758E+00  1.654556291473382315E-11  1.820011920528076318E-11  0.000000000000000000E+00  2.750000000124429578E-01  2.754071626286156403E-11  2.749999999849022103E-01  0.000000000000000000E+00
  3.633260335825161391E+00  1.099999999999999867E+00  1.654556292047776533E-11  1.820011920144264514E-11  0.000000000000000000E+00  2.750000000124427357E-01  2.749633337459515583E-11  2.749999999849477295E-01  0.000000000000000000E+00
  3.650729408079017801E+00  1.099999999999999645E+00  1.654556291113393313E-11  1.820011920615426591E-11  0.000000000000000000E+00  2.750000000124439570E-01  2.750300882121037510E-11  2.749999999849397359E-01  0.000000000000000000E+00
  3.668198480080007151E+00  1.100000000000000311E+00  1.654556291753961979E-11  1.820011920665719172E-11  0.000000000000000000E+00  2.750000000124434574E-01  2.755789546008574994E-11  2.749999999848846688E-01  0.000000000000000000E+00
  3.685667551350297444E+00  1.099999999999996536E+00  1.654556292219830100E-11  1.820011921835683430E-11  0.000000000000000000E+00  2.750000000124434574E-01  2.763768989088277842E-11  2.749999999848055099E-01  0.000000000000000000E+00
  3.703136621491589509E+00  1.099999999999997868E+00  1.654556292728049868E-11  1.820011920427491156E-11  0.000000000000000000E+00  2.750000000124435684E-01  2.770852624545328981E-11  2.749999999847356769E-01  0.000000000000000000E+00
  3.720605690185319947E+00  1.100000000000003642E+00  1.654556291309269682E-11  1.820011920247496654E-11  0.000000000000000000E+00  2.750000000124427357E-01  2.774034093954218883E-11  2.749999999847032583E-01  0.000000000000000000E+00
  3.738074757231963474E+00  1.100000000000000755E+00  1.654556291679846596E-11  1.820011920406315332E-11  0.000000000000000000E+00  2.750000000124440680E-01  2.771961919053936299E-11  2.749999999847240195E-01  0.000000000000000000E+00
  3.755543822624222816E+00  1.100000000000002309E+00  1.654556291605731213E-11  1.820011920109853800E-11  0.000000000000000000E+00  2.750000000124444011E-01  2.765513959608527749E-11  2.749999999847887455E-01  0.000000000000000000E+00
  3.773012886554230949E+00  1.099999999999998312E+00  1.654556291409854844E-11  1.820011920633955436E-11  0.000000000000000000E+00  2.750000000124435129E-01  2.757423815874778434E-11  2.749999999848691257E-01  0.000000000000000000E+00
  3.790481949410658302E+00  1.099999999999997202E+00  1.654556291327798527E-11  1.820011920546605164E-11  0.000000000000000000E+00  2.750000000124444011E-01  2.751122008663036421E-11  2.749999999849327970E-01  0.000000000000000000E+00
  3.807951011732435553E+00  1.100000000000001199E+00  1.654556292150346928E-11  1.820011920111839034E-11  0.000000000000000000E+00  2.750000000124436239E-01  2.749280213195361118E-11  2.749999999849510046E-01  0.000000000000000000E+00
  3.825420074125897685E+00  1.100000000000001199E+00  1.654556292241005924E-11  1.820011920919829056E-11  0.000000000000000000E+00  2.750000000124428468E-01  2.752679146894355897E-11  2.749999999849166987E-01  0.000000000000000000E+00
  3.842889137161287216E+00  1.099999999999996536E+00  1.654556291129275180E-11  1.820011920565134010E-11  0.000000000000000000E+00  2.750000000124431798E-01  2.759874492407307830E-11  2.749999999848448673E-01  0.000000000000000000E+00
  3.860358201359005648E+00  1.099999999999998979E+00  1.654556290303418057E-11  1.820011920723952687E-11  0.000000000000000000E+00  2.750000000124443456E-01  2.767812369920728725E-11  2.749999999847657084E-01  0.000000000000000000E+00
  3.877827267068305162E+00  1.100000000000000533E+00  1.654556292706874045E-11  1.820011921136881249E-11  0.000000000000000000E+00  2.750000000124435129E-01  2.773123819551823998E-11  2.749999999847119736E-01  0.000000000000000000E+00
  3.895296334433433483E+00  1.099999999999999867E+00  1.654556291976308128E-11  1.820011920565134010E-11  0.000000000000000000E+00  2.750000000124437904E-01  2.773554284302361042E-11  2.749999999847084209E-01  0.000000000000000000E+00
  3.912765403395151775E+00  1.100000000000002309E+00  1.654556291902192745E-11  1.820011920152205448E-11  0.000000000000000000E+00  2.750000000124439570E-01  2.768919470753265619E-11  2.749999999847536625E-01  0.000000000000000000E+00
  3.930234473735966017E+00  1.099999999999998535E+00  1.654556291510440007E-11  1.820011920173381271E-11  0.000000000000000000E+00  2.750000000124432908E-01  2.761184134389733324E-11  2.749999999848311560E-01  0.000000000000000000E+00
  3.947703545117032142E+00  1.099999999999997424E+00  1.654556291288093858E-11  1.820011920935710924E-11  0.000000000000000000E+00  2.750000000124441235E-01  2.753628113859990639E-11  2.749999999849080390E-01  0.000000000000000000E+00
  3.965172617131103472E+00  1.099999999999996758E+00  1.654556291550144676E-11  1.820011920370581129E-11  0.000000000000000000E+00  2.750000000124438460E-01  2.749455197053039917E-11  2.749999999849487287E-01  0.000000000000000000E+00
  3.982641689377484528E+00  1.099999999999998090E+00  1.654556291571320500E-11  1.820011921041590042E-11  0.000000000000000000E+00  2.750000000124434019E-01  2.750434705217441140E-11  2.749999999849394583E-01  0.000000000000000000E+00
  4.000110761339373155E+00  1.099999999999998535E+00  1.654556291939250436E-11  1.820011919458697222E-11  0.000000000000000000E+00  2.750000000124430133E-01  2.756149403435246774E-11  2.749999999848823373E-01  0.000000000000000000E+00
  4.017579832546727125E+00  1.099999999999997424E+00  1.654556292272769659E-11  1.820011920406315332E-11  0.000000000000000000E+00  2.750000000124439015E-01  2.764173148117237613E-11  2.749999999848014021E-01  0.000000000000000000E+00
  4.035048902603648457E+00  1.099999999999996314E+00  1.654556292092775158E-11  1.820011919887507652E-11  0.000000000000000000E+00  2.750000000124435129E-01  2.771100527337384690E-11  2.749999999847320686E-01  0.000000000000000000E+00
  4.052517971198976277E+00  1.099999999999995648E+00  1.654556292516291631E-11  1.820011920914535100E-11  0.000000000000000000E+00  2.750000000124436239E-01  2.773991548958358176E-11  2.749999999847033694E-01  0.000000000000000000E+00
  4.069987038142537372E+00  1.100000000000002309E+00  1.654556291425736712E-11  1.820011920300436214E-11  0.000000000000000000E+00  2.750000000124436794E-01  2.771617832133229630E-11  2.749999999847264620E-01  0.000000000000000000E+00
  4.087456103439474298E+00  1.100000000000002975E+00  1.654556291182214740E-11  1.820011920596897745E-11  0.000000000000000000E+00  2.750000000124438460E-01  2.764985244975204288E-11  2.749999999847936305E-01  0.000000000000000000E+00
  4.104925167292059029E+00  1.099999999999999201E+00  1.654556291732786155E-11  1.820011920570427965E-11  0.000000000000000000E+00  2.750000000124431243E-01  2.756905665896254853E-11  2.749999999848750099E-01  0.000000000000000000E+00
  4.122394230099168055E+00  1.100000000000002087E+00  1.654556291817489450E-11  1.820011920326905993E-11  0.000000000000000000E+00  2.750000000124436794E-01  2.750805162667494969E-11  2.749999999849352394E-01  0.000000000000000000E+00
  4.139863292405069117E+00  1.100000000000002309E+00  1.654556291478676271E-11  1.820011920441387790E-11  0.000000000000000000E+00  2.750000000124440680E-01  2.749270008730139287E-11  2.749999999849514487E-01  0.000000000000000000E+00
  4.157332354815208575E+00  1.099999999999999423E+00  1.654556291341033417E-11  1.820011920501606538E-11  0.000000000000000000E+00  2.750000000124432908E-01  2.752950831826338993E-11  2.749999999849139787E-01  0.000000000000000000E+00
  4.174801417900609657E+00  1.099999999999998757E+00  1.654556291806901538E-11  1.820011919898095564E-11  0.000000000000000000E+00  2.750000000124434574E-01  2.760283700799807703E-11  2.749999999848414256E-01  0.000000000000000000E+00
  4.192270482172460788E+00  1.099999999999998757E+00  1.654556292113950982E-11  1.820011921221584544E-11  0.000000000000000000E+00  2.750000000124432908E-01  2.768156430846860069E-11  2.749999999847614895E-01  0.000000000000000000E+00
  4.209739547968379014E+00  1.100000000000004752E+00  1.654556292293945483E-11  1.820011920819243894E-11  0.000000000000000000E+00  2.750000000124435684E-01  2.773227702545992469E-11  2.749999999847103083E-01  0.000000000000000000E+00
  4.227208615420554594E+00  1.100000000000002309E+00  1.654556291108099357E-11  1.820011919707513150E-11  0.000000000000000000E+00  2.750000000124431243E-01  2.773344797284929322E-11  2.749999999847089760E-01  0.000000000000000000E+00
  4.244677684459329470E+00  1.099999999999998090E+00  1.654556291499852095E-11  1.820011920215732919E-11  0.000000000000000000E+00  2.750000000124432908E-01  2.768456432247162774E-11  2.749999999847596022E-01  0.000000000000000000E+00
  4.262146754859831077E+00  1.100000000000000533E+00  1.654556291192802651E-11  1.820011920332199949E-11  0.000000000000000000E+00  2.750000000124434019E-01  2.760634871801695770E-11  2.749999999848369292E-01  0.000000000000000000E+00
  4.279615826278708290E+00  1.100000000000000977E+00  1.654556291293387814E-11  1.820011920533370274E-11  0.000000000000000000E+00  2.750000000124436794E-01  2.753196556692721698E-11  2.749999999849120358E-01  0.000000000000000000E+00
  4.297084898306718692E+00  1.099999999999999645E+00  1.654556291968367194E-11  1.820011920403668354E-11  0.000000000000000000E+00  2.750000000124434019E-01  2.749295280802123371E-11  2.749999999849507826E-01  0.000000000000000000E+00
  4.314553970544542594E+00  1.100000000000002531E+00  1.654556291452206491E-11  1.820011920379845552E-11  0.000000000000000000E+00  2.750000000124434574E-01  2.750585293388728025E-11  2.749999999849381260E-01  0.000000000000000000E+00
  4.332023042466731866E+00  1.099999999999999645E+00  1.654556290954574635E-11  1.820011920432785112E-11  0.000000000000000000E+00  2.750000000124432908E-01  2.756517441218289487E-11  2.749999999848780075E-01  0.000000000000000000E+00
  4.349492113610428312E+00  1.100000000000002309E+00  1.654556292442176249E-11  1.820011920109853800E-11  0.000000000000000000E+00  2.750000000124446786E-01  2.764573426648472492E-11  2.749999999847975163E-01  0.000000000000000000E+00
  4.366961183583327966E+00  1.100000000000002975E+00  1.654556291182214740E-11  1.820011920999238395E-11  0.000000000000000000E+00  2.750000000124442900E-01  2.771334125560254139E-11  2.749999999847299037E-01  0.000000000000000000E+00
  4.384430252080377954E+00  1.100000000000003864E+00  1.654556291563379566E-11  1.820011920427491156E-11  0.000000000000000000E+00  2.750000000124435684E-01  2.773930331061697407E-11  2.749999999847044796E-01  0.000000000000000000E+00
  4.401899318919001658E+00  1.100000000000000755E+00  1.654556291722198243E-11  1.820011919898095564E-11  0.000000000000000000E+00  2.750000000124435129E-01  2.771258628872724465E-11  2.749999999847314025E-01  0.000000000000000000E+00
  4.419368384117481341E+00  1.100000000000001421E+00  1.654556291446912536E-11  1.820011920533370274E-11  0.000000000000000000E+00  2.750000000124431243E-01  2.764451365716827024E-11  2.749999999847992926E-01  0.000000000000000000E+00
  4.436837447890263242E+00  1.099999999999998535E+00  1.654556291997483951E-11  1.820011920951592792E-11  0.000000000000000000E+00  2.750000000124436239E-01  2.756394485826978720E-11  2.749999999848796173E-01  0.000000000000000000E+00
  4.454306510645889894E+00  1.099999999999999867E+00  1.654556291817489450E-11  1.820011920668366150E-11  0.000000000000000000E+00  2.750000000124430688E-01  2.750504452251654075E-11  2.749999999849392363E-01  0.000000000000000000E+00
  4.471775572934582499E+00  1.100000000000002753E+00  1.654556291303975726E-11  1.820011919978828391E-11  0.000000000000000000E+00  2.750000000124440680E-01  2.749278270923907496E-11  2.749999999849507271E-01  0.000000000000000000E+00
  4.489244635361089308E+00  1.099999999999998979E+00  1.654556292182772408E-11  1.820011920067502153E-11  0.000000000000000000E+00  2.750000000124435684E-01  2.753235451355322800E-11  2.749999999849104260E-01  0.000000000000000000E+00
  4.506713698495659948E+00  1.100000000000000089E+00  1.654556292505703720E-11  1.820011920903947188E-11  0.000000000000000000E+00  2.750000000124431798E-01  2.760694824020435575E-11  2.749999999848371512E-01  0.000000000000000000E+00
  4.524182762841381766E+00  1.100000000000000089E+00  1.654556290896341120E-11  1.820011920819243894E-11  0.000000000000000000E+00  2.750000000124441790E-01  2.768490561746473249E-11  2.749999999847583809E-01  0.000000000000000000E+00
  4.541651828725501439E+00  1.100000000000001865E+00  1.654556291595143301E-11  1.820011920099265889E-11  0.000000000000000000E+00  2.750000000124438460E-01  2.773314035029930943E-11  2.749999999847110299E-01  0.000000000000000000E+00
  4.559120896267113032E+00  1.099999999999998535E+00  1.654556291489264183E-11  1.820011920607485657E-11  0.000000000000000000E+00  2.750000000124435684E-01  2.773117554200369595E-11  2.749999999847118071E-01  0.000000000000000000E+00
  4.576589965387318770E+00  1.099999999999996980E+00  1.654556291097511445E-11  1.820011921009826307E-11  0.000000000000000000E+00  2.750000000124435129E-01  2.767982969102027291E-11  2.749999999847644316E-01  0.000000000000000000E+00
  4.594059035852461115E+00  1.099999999999999201E+00  1.654556292156302629E-11  1.820011920078090065E-11  0.000000000000000000E+00  2.750000000124428468E-01  2.760086929472733560E-11  2.749999999848427024E-01  0.000000000000000000E+00
  4.611528107313581870E+00  1.099999999999997646E+00  1.654556291208684519E-11  1.820011919829274137E-11  0.000000000000000000E+00  2.750000000124427357E-01  2.752777504863812228E-11  2.749999999849164212E-01  0.000000000000000000E+00
  4.628997179358973924E+00  1.099999999999999645E+00  1.654556291494558139E-11  1.820011919794201679E-11  0.000000000000000000E+00  2.750000000124445676E-01  2.749153732364175154E-11  2.749999999849517263E-01  0.000000000000000000E+00
  4.646466251589157714E+00  1.099999999999998535E+00  1.654556291161038916E-11  1.820011919996033748E-11  0.000000000000000000E+00  2.750000000124440680E-01  2.750752318827819048E-11  2.749999999849362387E-01  0.000000000000000000E+00
  4.663935323471156913E+00  1.099999999999999867E+00  1.654556291108099357E-11  1.820011921168644984E-11  0.000000000000000000E+00  2.750000000124440680E-01  2.756893003981589707E-11  2.749999999848736221E-01  0.000000000000000000E+00
  4.681404394550285453E+00  1.099999999999999645E+00  1.654556291976308128E-11  1.820011920543958186E-11  0.000000000000000000E+00  2.750000000124434574E-01  2.764969122087176592E-11  2.749999999847935750E-01  0.000000000000000000E+00
  4.698873464438277026E+00  1.099999999999998757E+00  1.654556291648082861E-11  1.820011920099265889E-11  0.000000000000000000E+00  2.750000000124435129E-01  2.771552966133242139E-11  2.749999999847274612E-01  0.000000000000000000E+00
  4.716342532834919332E+00  1.099999999999996092E+00  1.654556292664522397E-11  1.820011919951035123E-11  0.000000000000000000E+00  2.750000000124442900E-01  2.773850428363859231E-11  2.749999999847047571E-01  0.000000000000000000E+00
  4.733811599567754769E+00  1.099999999999998090E+00  1.654556292473939984E-11  1.820011920851007629E-11  0.000000000000000000E+00  2.750000000124437904E-01  2.770884748461661598E-11  2.749999999847341225E-01  0.000000000000000000E+00
  4.751280664666378328E+00  1.100000000000000977E+00  1.654556291669258684E-11  1.820011920596897745E-11  0.000000000000000000E+00  2.750000000124437349E-01  2.763913027133162255E-11  2.749999999848042331E-01  0.000000000000000000E+00
  4.768749728357922990E+00  1.100000000000001865E+00  1.654556291579261434E-11  1.820011921173938940E-11  0.000000000000000000E+00  2.750000000124430688E-01  2.755890949630797654E-11  2.749999999848839471E-01  0.000000000000000000E+00
  4.786218791060353084E+00  1.099999999999998757E+00  1.654556291423089734E-11  1.820011920549252142E-11  0.000000000000000000E+00  2.750000000124437349E-01  2.750220230777969848E-11  2.749999999849412902E-01  0.000000000000000000E+00
  4.803687853330937507E+00  1.099999999999997424E+00  1.654556290140628912E-11  1.820011920404991843E-11  0.000000000000000000E+00  2.750000000124442345E-01  2.749304887634488907E-11  2.749999999849506715E-01  0.000000000000000000E+00
  4.821156915773984863E+00  1.100000000000002975E+00  1.654556292315121307E-11  1.820011921263936191E-11  0.000000000000000000E+00  2.750000000124441790E-01  2.753532476161201976E-11  2.749999999849075949E-01  0.000000000000000000E+00
  4.838625978958540408E+00  1.099999999999998312E+00  1.654556290716346619E-11  1.820011920893359277E-11  0.000000000000000000E+00  2.750000000124435129E-01  2.761107141457522956E-11  2.749999999848322663E-01  0.000000000000000000E+00
  4.856095043379020204E+00  1.100000000000002753E+00  1.654556291859841097E-11  1.820011920120441712E-11  0.000000000000000000E+00  2.750000000124435684E-01  2.768814154750232338E-11  2.749999999847547727E-01  0.000000000000000000E+00
  4.873564109351682383E+00  1.099999999999999201E+00  1.654556292198654276E-11  1.820011921031002131E-11  0.000000000000000000E+00  2.750000000124439015E-01  2.773382580411499007E-11  2.749999999847102528E-01  0.000000000000000000E+00
  4.891033176981209429E+00  1.100000000000000977E+00  1.654556292061011422E-11  1.820011920745128511E-11  0.000000000000000000E+00  2.750000000124440125E-01  2.772872792931679626E-11  2.749999999847145826E-01  0.000000000000000000E+00
  4.908502246180638906E+00  1.099999999999999423E+00  1.654556290991632326E-11  1.820011920353375773E-11  0.000000000000000000E+00  2.750000000124426802E-01  2.767499690696704396E-11  2.749999999847689280E-01  0.000000000000000000E+00
  4.925971316706934111E+00  1.099999999999998757E+00  1.654556290843401561E-11  1.820011920988650483E-11  0.000000000000000000E+00  2.750000000124429023E-01  2.759541028244195455E-11  2.749999999848485865E-01  0.000000000000000000E+00
  4.943440388205837088E+00  1.100000000000001865E+00  1.654556291547497698E-11  1.820011920374551596E-11  0.000000000000000000E+00  2.750000000124438460E-01  2.752371485168844005E-11  2.749999999849193077E-01  0.000000000000000000E+00
  4.960909460264700144E+00  1.100000000000001421E+00  1.654556291646759372E-11  1.820011920351390539E-11  0.000000000000000000E+00  2.750000000124438460E-01  2.749030667701343225E-11  2.749999999849523924E-01  0.000000000000000000E+00
  4.978378532483630714E+00  1.099999999999998312E+00  1.654556291383385065E-11  1.820011919802804357E-11  0.000000000000000000E+00  2.750000000124440680E-01  2.750935428943045674E-11  2.749999999849344623E-01  0.000000000000000000E+00
  4.995847604322460001E+00  1.099999999999998757E+00  1.654556292156302629E-11  1.820011921729804312E-11  0.000000000000000000E+00  2.750000000124432908E-01  2.757275424453398410E-11  2.749999999848709020E-01  0.000000000000000000E+00
  5.013316675335624417E+00  1.099999999999999423E+00  1.654556291955132304E-11  1.820011919432227443E-11  0.000000000000000000E+00  2.750000000124422916E-01  2.765359538341090311E-11  2.749999999847902443E-01  0.000000000000000000E+00
  5.030785745138524057E+00  1.099999999999997646E+00  1.654556291330445505E-11  1.820011921401579045E-11  0.000000000000000000E+00  2.750000000124433464E-01  2.771756620276181352E-11  2.749999999847262955E-01  0.000000000000000000E+00
  5.048254813438102673E+00  1.099999999999994982E+00  1.654556291701022420E-11  1.820011920745128511E-11  0.000000000000000000E+00  2.750000000124426802E-01  2.773751860760671569E-11  2.749999999847069221E-01  0.000000000000000000E+00
  5.065723880071010043E+00  1.099999999999998090E+00  1.654556292039835599E-11  1.820011919845156004E-11  0.000000000000000000E+00  2.750000000124436239E-01  2.770496650107479159E-11  2.749999999847385634E-01  0.000000000000000000E+00
  5.083192945077294134E+00  1.100000000000000089E+00  1.654556291478676271E-11  1.820011920851007629E-11  0.000000000000000000E+00  2.750000000124435684E-01  2.763370935837446358E-11  2.749999999848091736E-01  0.000000000000000000E+00
  5.100662008695516114E+00  1.100000000000001421E+00  1.654556291431030668E-11  1.820011920517488406E-11  0.000000000000000000E+00  2.750000000124441790E-01  2.755395716823043651E-11  2.749999999848896648E-01  0.000000000000000000E+00
  5.118131071352332917E+00  1.100000000000000533E+00  1.654556292063658400E-11  1.820011920803362026E-11  0.000000000000000000E+00  2.750000000124439570E-01  2.749952822652367662E-11  2.749999999849447874E-01  0.000000000000000000E+00
  5.135600133611011309E+00  1.100000000000001643E+00  1.654556291008837683E-11  1.820011919699572217E-11  0.000000000000000000E+00  2.750000000124432353E-01  2.749349717392615832E-11  2.749999999849493948E-01  0.000000000000000000E+00
  5.153069196073579050E+00  1.099999999999999867E+00  1.654556290917516944E-11  1.820011920025150506E-11  0.000000000000000000E+00  2.750000000124436239E-01  2.753841355785695527E-11  2.749999999849055410E-01  0.000000000000000000E+00
  5.170538259307839724E+00  1.100000000000001421E+00  1.654556290123423555E-11  1.820011920903947188E-11  0.000000000000000000E+00  2.750000000124434019E-01  2.761519932033256001E-11  2.749999999848281029E-01  0.000000000000000000E+00
  5.188007323800664317E+00  1.100000000000000533E+00  1.654556291881016921E-11  1.820011920469842803E-11  0.000000000000000000E+00  2.750000000124430688E-01  2.769126621276199536E-11  2.749999999847517751E-01  0.000000000000000000E+00
  5.205476389859051700E+00  1.099999999999996758E+00  1.654556291626907037E-11  1.820011921200408720E-11  0.000000000000000000E+00  2.750000000124440680E-01  2.773433132219875546E-11  2.749999999847088650E-01  0.000000000000000000E+00
  5.222945457574314609E+00  1.099999999999995648E+00  1.654556292082187246E-11  1.820011919739276886E-11  0.000000000000000000E+00  2.750000000124440680E-01  2.772610781790756808E-11  2.749999999847170806E-01  0.000000000000000000E+00
  5.240414526849513699E+00  1.100000000000001865E+00  1.654556291351621329E-11  1.820011919929859299E-11  0.000000000000000000E+00  2.750000000124431798E-01  2.767007225485772270E-11  2.749999999847730914E-01  0.000000000000000000E+00
  5.257883597434074296E+00  1.099999999999998535E+00  1.654556291732786155E-11  1.820011920903947188E-11  0.000000000000000000E+00  2.750000000124440680E-01  2.758997888080603898E-11  2.749999999848538601E-01  0.000000000000000000E+00
  5.275352668968745995E+00  1.100000000000002309E+00  1.654556291838665274E-11  1.820011920538664230E-11  0.000000000000000000E+00  2.750000000124439570E-01  2.751979007491537701E-11  2.749999999849234156E-01  0.000000000000000000E+00
  5.292821741039246852E+00  1.100000000000002309E+00  1.654556291757270701E-11  1.820011921442938076E-11  0.000000000000000000E+00  2.750000000124436239E-01  2.748926174839507790E-11  2.749999999849537802E-01  0.000000000000000000E+00
  5.310290813244065156E+00  1.100000000000000977E+00  1.654556291161038916E-11  1.820011920512194450E-11  0.000000000000000000E+00  2.750000000124439015E-01  2.751134245672450823E-11  2.749999999849324084E-01  0.000000000000000000E+00
  5.327759885038106269E+00  1.100000000000000311E+00  1.654556290631643324E-11  1.820011919686337327E-11  0.000000000000000000E+00  2.750000000124445121E-01  2.757664025165735416E-11  2.749999999848661281E-01  0.000000000000000000E+00
  5.345228955982594066E+00  1.100000000000000089E+00  1.654556291944544392E-11  1.820011920406315332E-11  0.000000000000000000E+00  2.750000000124437349E-01  2.765743980543400473E-11  2.749999999847859700E-01  0.000000000000000000E+00
  5.362698025695884496E+00  1.100000000000001865E+00  1.654556290779874090E-11  1.820011921041590042E-11  0.000000000000000000E+00  2.750000000124436239E-01  2.771944681672380147E-11  2.749999999847239640E-01  0.000000000000000000E+00
  5.380167093891416563E+00  1.100000000000001865E+00  1.654556292399824601E-11  1.820011920438079067E-11  0.000000000000000000E+00  2.750000000124439570E-01  2.773634671418165654E-11  2.749999999847064780E-01  0.000000000000000000E+00
  5.397636160416240614E+00  1.100000000000000311E+00  1.654556291701022420E-11  1.820011920713364775E-11  0.000000000000000000E+00  2.750000000124426802E-01  2.770094812995711807E-11  2.749999999847428933E-01  0.000000000000000000E+00
  5.415105225323890714E+00  1.099999999999994538E+00  1.654556291425736712E-11  1.820011920533370274E-11  0.000000000000000000E+00  2.750000000124433464E-01  2.762825805676553622E-11  2.749999999848154464E-01  0.000000000000000000E+00
  5.432574288863165179E+00  1.099999999999998757E+00  1.654556292198654276E-11  1.820011920808655982E-11  0.000000000000000000E+00  2.750000000124440680E-01  2.754909433285473682E-11  2.749999999848947718E-01  0.000000000000000000E+00
  5.450043351469854080E+00  1.099999999999997202E+00  1.654556291963073238E-11  1.820011920371904618E-11  0.000000000000000000E+00  2.750000000124435684E-01  2.749702529843296502E-11  2.749999999849463972E-01  0.000000000000000000E+00
  5.467512413713952135E+00  1.100000000000001199E+00  1.654556291957779282E-11  1.820011920970121637E-11  0.000000000000000000E+00  2.750000000124435129E-01  2.749412591628717713E-11  2.749999999849495613E-01  0.000000000000000000E+00
  5.484981476196062466E+00  1.100000000000004530E+00  1.654556292675110309E-11  1.820011920051620285E-11  0.000000000000000000E+00  2.750000000124437904E-01  2.754161528275108829E-11  2.749999999849013776E-01  0.000000000000000000E+00
  5.502450539483882075E+00  1.100000000000000533E+00  1.654556291933956480E-11  1.820011920183969183E-11  0.000000000000000000E+00  2.750000000124439570E-01  2.761932475365789951E-11  2.749999999848240506E-01  0.000000000000000000E+00
  5.519919604054893014E+00  1.100000000000000533E+00  1.654556291637494949E-11  1.820011920565134010E-11  0.000000000000000000E+00  2.750000000124431798E-01  2.769427389109553835E-11  2.749999999847490550E-01  0.000000000000000000E+00
  5.537388670203469587E+00  1.099999999999998979E+00  1.654556292632758662E-11  1.820011920787480158E-11  0.000000000000000000E+00  2.750000000124435129E-01  2.773465509117146223E-11  2.749999999847083099E-01  0.000000000000000000E+00
  5.554857738005935630E+00  1.100000000000001865E+00  1.654556290981044415E-11  1.820011921126293337E-11  0.000000000000000000E+00  2.750000000124435129E-01  2.772331812481751376E-11  2.749999999847202448E-01  0.000000000000000000E+00
  5.572326807359245571E+00  1.099999999999998090E+00  1.654556291161038916E-11  1.820011920279260390E-11  0.000000000000000000E+00  2.750000000124434019E-01  2.766506209713900123E-11  2.749999999847776988E-01  0.000000000000000000E+00
  5.589795878003824825E+00  1.100000000000002087E+00  1.654556291584555389E-11  1.820011919982798858E-11  0.000000000000000000E+00  2.750000000124443456E-01  2.758458223938348628E-11  2.749999999848595222E-01  0.000000000000000000E+00
  5.607264949576569180E+00  1.099999999999997202E+00  1.654556291674552640E-11  1.820011920051620285E-11  0.000000000000000000E+00  2.750000000124442900E-01  2.751600556182877511E-11  2.749999999849278565E-01  0.000000000000000000E+00
  5.624734021662050054E+00  1.100000000000003864E+00  1.654556292006252066E-11  1.820011920530475142E-11  0.000000000000000000E+00  2.750000000124437349E-01  2.748840312794562416E-11  2.749999999849551680E-01  0.000000000000000000E+00
  5.642203093855234997E+00  1.100000000000002975E+00  1.654556290621055412E-11  1.820011920631308459E-11  0.000000000000000000E+00  2.750000000124434019E-01  2.751348369912009483E-11  2.749999999849306320E-01  0.000000000000000000E+00
  5.659672165607941174E+00  1.100000000000001643E+00  1.654556292209242188E-11  1.820011921031002131E-11  0.000000000000000000E+00  2.750000000124452892E-01  2.758058120724302880E-11  2.749999999848627974E-01  0.000000000000000000E+00
  5.677141236487956100E+00  1.099999999999998757E+00  1.654556291817489450E-11  1.820011920798068070E-11  0.000000000000000000E+00  2.750000000124452337E-01  2.766121767419837537E-11  2.749999999847814180E-01  0.000000000000000000E+00
  5.694610306117325216E+00  1.100000000000000977E+00  1.654556291330445505E-11  1.820011920543958186E-11  0.000000000000000000E+00  2.750000000124436239E-01  2.772116771465002881E-11  2.749999999847223542E-01  0.000000000000000000E+00
  5.712079374216682659E+00  1.100000000000001865E+00  1.654556290462236734E-11  1.820011919887507652E-11  0.000000000000000000E+00  2.750000000124430688E-01  2.773498933612881158E-11  2.749999999847073662E-01  0.000000000000000000E+00
  5.729548440642952656E+00  1.100000000000002087E+00  1.654556292293945483E-11  1.820011919898095564E-11  0.000000000000000000E+00  2.750000000124434019E-01  2.769679741918437807E-11  2.749999999847465015E-01  0.000000000000000000E+00
  5.747017505461377240E+00  1.100000000000000533E+00  1.654556291595143301E-11  1.820011920872183453E-11  0.000000000000000000E+00  2.750000000124436239E-01  2.762278354950299046E-11  2.749999999848206644E-01  0.000000000000000000E+00
  5.764486568931686428E+00  1.100000000000000533E+00  1.654556291335739461E-11  1.820011920554546098E-11  0.000000000000000000E+00  2.750000000124429578E-01  2.754432731214617116E-11  2.749999999848987131E-01  0.000000000000000000E+00
  5.781955631499017478E+00  1.100000000000002309E+00  1.654556291351621329E-11  1.820011920602191701E-11  0.000000000000000000E+00  2.750000000124432908E-01  2.749469628857708836E-11  2.749999999849483956E-01  0.000000000000000000E+00
  5.799424693739847925E+00  1.100000000000000089E+00  1.654556292119244937E-11  1.820011920345434839E-11  0.000000000000000000E+00  2.750000000124429578E-01  2.749493312472715686E-11  2.749999999849492838E-01  0.000000000000000000E+00
  5.816893756252278003E+00  1.099999999999999423E+00  1.654556292405118557E-11  1.820011921401579045E-11  0.000000000000000000E+00  2.750000000124434574E-01  2.754492409261223515E-11  2.749999999848986576E-01  0.000000000000000000E+00
  5.834362819601072836E+00  1.100000000000001865E+00  1.654556291616319125E-11  1.820011920956886748E-11  0.000000000000000000E+00  2.750000000124439570E-01  2.762344047432418087E-11  2.749999999848198318E-01  0.000000000000000000E+00
  5.851831884254025340E+00  1.099999999999999645E+00  1.654556292950396017E-11  1.820011920501606538E-11  0.000000000000000000E+00  2.750000000124431798E-01  2.769715902583422067E-11  2.749999999847465570E-01  0.000000000000000000E+00
  5.869300950494617197E+00  1.099999999999999201E+00  1.654556292188066364E-11  1.820011921285112015E-11  0.000000000000000000E+00  2.750000000124432908E-01  2.773479555107075458E-11  2.749999999847088095E-01  0.000000000000000000E+00
  5.886770018386599190E+00  1.100000000000003419E+00  1.654556291584555389E-11  1.820011921062765866E-11  0.000000000000000000E+00  2.750000000124440125E-01  2.772036201425694049E-11  2.749999999847231869E-01  0.000000000000000000E+00
  5.904239087816794296E+00  1.099999999999996758E+00  1.654556291319857593E-11  1.820011919898095564E-11  0.000000000000000000E+00  2.750000000124429578E-01  2.765997293832031336E-11  2.749999999847829169E-01  0.000000000000000000E+00
  5.921708158517721365E+00  1.100000000000000977E+00  1.654556291732786155E-11  1.820011920390433464E-11  0.000000000000000000E+00  2.750000000124439015E-01  2.757922746120978521E-11  2.749999999848646293E-01  0.000000000000000000E+00
  5.939177230122174578E+00  1.099999999999999423E+00  1.654556292092775158E-11  1.820011921007179329E-11  0.000000000000000000E+00  2.750000000124437349E-01  2.751236596182734295E-11  2.749999999849311871E-01  0.000000000000000000E+00
  5.956646302216509703E+00  1.100000000000000977E+00  1.654556291490753108E-11  1.820011921455759375E-11  0.000000000000000000E+00  2.750000000124430688E-01  2.748773111561736290E-11  2.749999999849557231E-01  0.000000000000000000E+00
  5.974115374391397282E+00  1.099999999999998979E+00  1.654556292082187246E-11  1.820011921279818059E-11  0.000000000000000000E+00  2.750000000124437349E-01  2.751577378401456883E-11  2.749999999849278565E-01  0.000000000000000000E+00
  5.991584446094931238E+00  1.099999999999998535E+00  1.654556291531615830E-11  1.820011920078090065E-11  0.000000000000000000E+00  2.750000000124436239E-01  2.758457014881525113E-11  2.749999999848589671E-01  0.000000000000000000E+00
  6.009053516901107450E+00  1.099999999999998535E+00  1.654556291817489450E-11  1.820011921623925194E-11  0.000000000000000000E+00  2.750000000124431798E-01  2.766492224968736542E-11  2.749999999847784204E-01  0.000000000000000000E+00
  6.026522586436788842E+00  1.100000000000000977E+00  1.654556292039835599E-11  1.820011919919271387E-11  0.000000000000000000E+00  2.750000000124438460E-01  2.772272526531542376E-11  2.749999999847209664E-01  0.000000000000000000E+00
  6.043991654427747662E+00  1.100000000000003419E+00  1.654556291203390563E-11  1.820011919961623035E-11  0.000000000000000000E+00  2.750000000124429023E-01  2.773344747867706792E-11  2.749999999847099752E-01  0.000000000000000000E+00
  6.061460720743557573E+00  1.100000000000002753E+00  1.654556291362209241E-11  1.820011920141617536E-11  0.000000000000000000E+00  2.750000000124433464E-01  2.769251956475123360E-11  2.749999999847508869E-01  0.000000000000000000E+00
  6.078929785461728130E+00  1.100000000000003197E+00  1.654556291849253186E-11  1.820011920607485657E-11  0.000000000000000000E+00  2.750000000124437904E-01  2.761729300742150511E-11  2.749999999848259380E-01  0.000000000000000000E+00
  6.096398848855700159E+00  1.099999999999998312E+00  1.654556291584555389E-11  1.820011920369257640E-11  0.000000000000000000E+00  2.750000000124436794E-01  2.753966225513516945E-11  2.749999999849040422E-01  0.000000000000000000E+00
  6.113867911376541286E+00  1.100000000000002309E+00  1.654556292092775158E-11  1.820011920772921779E-11  0.000000000000000000E+00  2.750000000124431798E-01  2.749254370578666316E-11  2.749999999849511156E-01  0.000000000000000000E+00
  6.131336973606083873E+00  1.100000000000000755E+00  1.654556290626349368E-11  1.820011920705423841E-11  0.000000000000000000E+00  2.750000000124440680E-01  2.749591656901147841E-11  2.749999999849475629E-01  0.000000000000000000E+00
  6.148806036140035403E+00  1.100000000000000311E+00  1.654556291542203742E-11  1.820011921608043326E-11  0.000000000000000000E+00  2.750000000124437349E-01  2.754833398429870227E-11  2.749999999848953269E-01  0.000000000000000000E+00
  6.166275099542076532E+00  1.099999999999999645E+00  1.654556291648082861E-11  1.820011919823980181E-11  0.000000000000000000E+00  2.750000000124440680E-01  2.762753929977494592E-11  2.749999999848161680E-01  0.000000000000000000E+00
  6.183744164270009946E+00  1.099999999999996980E+00  1.654556291764549891E-11  1.820011919749864798E-11  0.000000000000000000E+00  2.750000000124432908E-01  2.769991629130292172E-11  2.749999999847440590E-01  0.000000000000000000E+00
  6.201213230596524184E+00  1.100000000000002309E+00  1.654556291976308128E-11  1.820011920501606538E-11  0.000000000000000000E+00  2.750000000124433464E-01  2.773475141556962681E-11  2.749999999847088650E-01  0.000000000000000000E+00
  6.218682298571836853E+00  1.099999999999999645E+00  1.654556290917516944E-11  1.820011919898095564E-11  0.000000000000000000E+00  2.750000000124433464E-01  2.771724291464567582E-11  2.749999999847259624E-01  0.000000000000000000E+00
  6.236151368075091739E+00  1.100000000000002087E+00  1.654556291933956480E-11  1.820011920914535100E-11  0.000000000000000000E+00  2.750000000124435684E-01  2.765481143014985584E-11  2.749999999847885790E-01  0.000000000000000000E+00
  6.253620438830118644E+00  1.100000000000002087E+00  1.654556291351621329E-11  1.820011920692188952E-11  0.000000000000000000E+00  2.750000000124430133E-01  2.757392160402749739E-11  2.749999999848696808E-01  0.000000000000000000E+00
  6.271089510465219341E+00  1.100000000000000311E+00  1.654556291123981224E-11  1.820011920062208197E-11  0.000000000000000000E+00  2.750000000124437349E-01  2.750887568725137381E-11  2.749999999849353505E-01  0.000000000000000000E+00
  6.288558582566908584E+00  1.100000000000002753E+00  1.654556291120341630E-11  1.820011920834794889E-11  0.000000000000000000E+00  2.750000000124433464E-01  2.748724570421203919E-11  2.749999999849560561E-01  0.000000000000000000E+00
  6.306027654719122744E+00  1.099999999999996980E+00  1.654556293305091064E-11  1.820011921152763117E-11  0.000000000000000000E+00  2.750000000124440125E-01  2.751820822924713413E-11  2.749999999849251919E-01  0.000000000000000000E+00
  6.323496726372317411E+00  1.099999999999999201E+00  1.654556290875165296E-11  1.820011920427491156E-11  0.000000000000000000E+00  2.750000000124440125E-01  2.758860007765095780E-11  2.749999999848558030E-01  0.000000000000000000E+00
  6.340965797106520085E+00  1.100000000000001865E+00  1.654556290928104855E-11  1.820011920353375773E-11  0.000000000000000000E+00  2.750000000124435684E-01  2.766854690321732980E-11  2.749999999847749788E-01  0.000000000000000000E+00
  6.358434866553699827E+00  1.099999999999999645E+00  1.654556290716346619E-11  1.820011919739276886E-11  0.000000000000000000E+00  2.750000000124439015E-01  2.772411609078293987E-11  2.749999999847204668E-01  0.000000000000000000E+00
  6.375903934444552945E+00  1.100000000000002753E+00  1.654556291478676271E-11  1.820011920046326329E-11  0.000000000000000000E+00  2.750000000124441235E-01  2.773172247015799884E-11  2.749999999847111409E-01  0.000000000000000000E+00
  6.393373000660229621E+00  1.100000000000002309E+00  1.654556291955132304E-11  1.820011920946298836E-11  0.000000000000000000E+00  2.750000000124439570E-01  2.768811995722810668E-11  2.749999999847553278E-01  0.000000000000000000E+00
  6.410842065287687852E+00  1.099999999999999423E+00  1.654556291288093858E-11  1.820011920713364775E-11  0.000000000000000000E+00  2.750000000124434019E-01  2.761179366193257663E-11  2.749999999848322108E-01  0.000000000000000000E+00
  6.428311128611546188E+00  1.100000000000000311E+00  1.654556291589849345E-11  1.820011920792774114E-11  0.000000000000000000E+00  2.750000000124429023E-01  2.753510517315737949E-11  2.749999999849077614E-01  0.000000000000000000E+00
  6.445780191091730948E+00  1.099999999999998535E+00  1.654556291100158423E-11  1.820011920403668354E-11  0.000000000000000000E+00  2.750000000124436794E-01  2.749056979938135569E-11  2.749999999849529475E-01  0.000000000000000000E+00
  6.463249253317473908E+00  1.100000000000000977E+00  1.654556290832813649E-11  1.820011920093971933E-11  0.000000000000000000E+00  2.750000000124440680E-01  2.749707372939916482E-11  2.749999999849454535E-01  0.000000000000000000E+00
  6.480718315881466296E+00  1.100000000000000311E+00  1.654556291711610332E-11  1.820011920618073569E-11  0.000000000000000000E+00  2.750000000124436239E-01  2.755183880269020741E-11  2.749999999848917187E-01  0.000000000000000000E+00
  6.498187379344454229E+00  1.100000000000001865E+00  1.654556291563379566E-11  1.820011921062765866E-11  0.000000000000000000E+00  2.750000000124430688E-01  2.763161404465732963E-11  2.749999999848127819E-01  0.000000000000000000E+00
  6.515656444153635540E+00  1.100000000000001421E+00  1.654556291023396062E-11  1.820011920215732919E-11  0.000000000000000000E+00  2.750000000124435684E-01  2.770254053970856771E-11  2.749999999847396737E-01  0.000000000000000000E+00
  6.533125510570815031E+00  1.099999999999997646E+00  1.654556292219830100E-11  1.820011920120441712E-11  0.000000000000000000E+00  2.750000000124436239E-01  2.773452169584812546E-11  2.749999999847087540E-01  0.000000000000000000E+00
  6.550594578632467524E+00  1.099999999999998757E+00  1.654556292039835599E-11  1.820011920533370274E-11  0.000000000000000000E+00  2.750000000124435129E-01  2.771396449653020811E-11  2.749999999847301257E-01  0.000000000000000000E+00
  6.568063648210440419E+00  1.100000000000004752E+00  1.654556291616319125E-11  1.820011920342787861E-11  0.000000000000000000E+00  2.750000000124437349E-01  2.764958431734122627E-11  2.749999999847938525E-01  0.000000000000000000E+00
  6.585532719020118719E+00  1.100000000000000089E+00  1.654556291552791654E-11  1.820011920538664230E-11  0.000000000000000000E+00  2.750000000124441790E-01  2.756867165937240754E-11  2.749999999848752319E-01  0.000000000000000000E+00
  6.603001790687162753E+00  1.099999999999997646E+00  1.654556291759255935E-11  1.820011920242202698E-11  0.000000000000000000E+00  2.750000000124425137E-01  2.750553893780442603E-11  2.749999999849381815E-01  0.000000000000000000E+00
  6.620470862799859191E+00  1.099999999999999645E+00  1.654556291161700660E-11  1.820011920686894996E-11  0.000000000000000000E+00  2.750000000124434019E-01  2.748694663047313523E-11  2.749999999849569443E-01  0.000000000000000000E+00
  6.637939934933225317E+00  1.100000000000002087E+00  1.654556291843959230E-11  1.820011920326905993E-11  0.000000000000000000E+00  2.750000000124436239E-01  2.752078237221759620E-11  2.749999999849228050E-01  0.000000000000000000E+00
  6.655409006540588202E+00  1.099999999999997202E+00  1.654556292770401516E-11  1.820011920183969183E-11  0.000000000000000000E+00  2.750000000124437904E-01  2.759266391755018272E-11  2.749999999848504739E-01  0.000000000000000000E+00
  6.672878077206545022E+00  1.099999999999997646E+00  1.654556291266918034E-11  1.820011919305172500E-11  0.000000000000000000E+00  2.750000000124436794E-01  2.767208514126221645E-11  2.749999999847716481E-01  0.000000000000000000E+00
  6.690347146566431036E+00  1.099999999999999201E+00  1.654556292008071863E-11  1.820011920872183453E-11  0.000000000000000000E+00  2.750000000124428468E-01  2.772533706384890883E-11  2.749999999847189125E-01  0.000000000000000000E+00
  6.707816214357317008E+00  1.099999999999999201E+00  1.654556291891604833E-11  1.820011920681601040E-11  0.000000000000000000E+00  2.750000000124441790E-01  2.772981588406029213E-11  2.749999999847140275E-01  0.000000000000000000E+00
  6.725285280472410143E+00  1.100000000000002753E+00  1.654556291616319125E-11  1.820011920268672478E-11  0.000000000000000000E+00  2.750000000124434019E-01  2.768360419403544102E-11  2.749999999847602128E-01  0.000000000000000000E+00
  6.742754345009339900E+00  1.099999999999999645E+00  1.654556291552791654E-11  1.820011920311024125E-11  0.000000000000000000E+00  2.750000000124434019E-01  2.760629275584856706E-11  2.749999999848362631E-01  0.000000000000000000E+00
  6.760223408264616651E+00  1.099999999999999201E+00  1.654556291494558139E-11  1.820011920792774114E-11  0.000000000000000000E+00  2.750000000124432908E-01  2.753066189628270044E-11  2.749999999849127019E-01  0.000000000000000000E+00
  6.777692470706146111E+00  1.100000000000000755E+00  1.654556290615761456E-11  1.820011920436755578E-11  0.000000000000000000E+00  2.750000000124437349E-01  2.748877657200677826E-11  2.749999999849551680E-01  0.000000000000000000E+00
  6.795161532929049564E+00  1.099999999999999645E+00  1.654556291213978475E-11  1.820011920263378522E-11  0.000000000000000000E+00  2.750000000124430688E-01  2.749840183592242510E-11  2.749999999849455090E-01  0.000000000000000000E+00
  6.812630595522975341E+00  1.100000000000003197E+00  1.654556291330445505E-11  1.820011921359227398E-11  0.000000000000000000E+00  2.750000000124438460E-01  2.755543226439628161E-11  2.749999999848882770E-01  0.000000000000000000E+00
  6.830099659045608007E+00  1.100000000000003864E+00  1.654556291923368568E-11  1.820011920681601040E-11  0.000000000000000000E+00  2.750000000124432353E-01  2.763565752724717264E-11  2.749999999848086185E-01  0.000000000000000000E+00
  6.847568723934699619E+00  1.099999999999997646E+00  1.654556291383385065E-11  1.820011920893359277E-11  0.000000000000000000E+00  2.750000000124446231E-01  2.770502683981284478E-11  2.749999999847393406E-01  0.000000000000000000E+00
  6.865037790440708498E+00  1.099999999999998757E+00  1.654556291859841097E-11  1.820011920311024125E-11  0.000000000000000000E+00  2.750000000124431243E-01  2.773410568885107794E-11  2.749999999847095311E-01  0.000000000000000000E+00
  6.882506858588599563E+00  1.100000000000002087E+00  1.654556291616319125E-11  1.820011920702776863E-11  0.000000000000000000E+00  2.750000000124430133E-01  2.771053064037143817E-11  2.749999999847330678E-01  0.000000000000000000E+00
  6.899975928241928180E+00  1.100000000000000089E+00  1.654556291701022420E-11  1.820011919707513150E-11  0.000000000000000000E+00  2.750000000124439570E-01  2.764429840913517987E-11  2.749999999847997922E-01  0.000000000000000000E+00
  6.917444999107300596E+00  1.100000000000000311E+00  1.654556291309269682E-11  1.820011920739834555E-11  0.000000000000000000E+00  2.750000000124432908E-01  2.756348451611918274E-11  2.749999999848800059E-01  0.000000000000000000E+00
  6.934914070806497577E+00  1.100000000000000977E+00  1.654556291346327373E-11  1.820011920056914241E-11  0.000000000000000000E+00  2.750000000124436239E-01  2.750235970095469303E-11  2.749999999849415677E-01  0.000000000000000000E+00
  6.952383142929129178E+00  1.099999999999997424E+00  1.654556291454853469E-11  1.820011919185396748E-11  0.000000000000000000E+00  2.750000000124431798E-01  2.748683333135709326E-11  2.749999999849567778E-01  0.000000000000000000E+00
  6.969852215039623822E+00  1.100000000000000089E+00  1.654556290282242233E-11  1.820011920962180704E-11  0.000000000000000000E+00  2.750000000124435129E-01  2.752349134022420813E-11  2.749999999849195853E-01  0.000000000000000000E+00
  6.987321286595983061E+00  1.100000000000002087E+00  1.654556291065747709E-11  1.820011920935710924E-11  0.000000000000000000E+00  2.750000000124436794E-01  2.759675453806404157E-11  2.749999999848457000E-01  0.000000000000000000E+00
  7.004790357186875482E+00  1.100000000000001643E+00  1.654556290314005969E-11  1.820011919591046120E-11  0.000000000000000000E+00  2.750000000124444566E-01  2.767553059929663481E-11  2.749999999847676513E-01  0.000000000000000000E+00
  7.022259426453926423E+00  1.099999999999999645E+00  1.654556291753961979E-11  1.820011920194557095E-11  0.000000000000000000E+00  2.750000000124436794E-01  2.772638532639347368E-11  2.749999999847176912E-01  0.000000000000000000E+00
  7.039728494142036830E+00  1.100000000000000533E+00  1.654556292241005924E-11  1.820011920787480158E-11  0.000000000000000000E+00  2.750000000124434574E-01  2.772772957032123340E-11  2.749999999847160814E-01  0.000000000000000000E+00
  7.057197560155098692E+00  1.099999999999999645E+00  1.654556291002220238E-11  1.820011920416903244E-11  0.000000000000000000E+00  2.750000000124431243E-01  2.767897806241827003E-11  2.749999999847638765E-01  0.000000000000000000E+00
  7.074666624604152965E+00  1.099999999999998979E+00  1.654556291309269682E-11  1.820011920194557095E-11  0.000000000000000000E+00  2.750000000124436239E-01  2.760079751831991341E-11  2.749999999848427579E-01  0.000000000000000000E+00
  7.092135687796514709E+00  1.100000000000000977E+00  1.654556291526321874E-11  1.820011920321612037E-11  0.000000000000000000E+00  2.750000000124432353E-01  2.752633803885349417E-11  2.749999999849173093E-01  0.000000000000000000E+00
  7.109604750206531598E+00  1.100000000000000311E+00  1.654556291605731213E-11  1.820011920275289923E-11  0.000000000000000000E+00  2.750000000124430133E-01  2.748716573849444180E-11  2.749999999849560561E-01  0.000000000000000000E+00
  7.127073812434099764E+00  1.100000000000000533E+00  1.654556291515733963E-11  1.820011919456050244E-11  0.000000000000000000E+00  2.750000000124438460E-01  2.749989787308526628E-11  2.749999999849433441E-01  0.000000000000000000E+00
