  #time                     mass                      x-momentum                y-momentum                z-momentum                E_total                   E_kinetic                 E_internal               
  0.000000000000000000E+00  1.100000000000000089E+00  1.654556291383126571E-11  1.820011920615491860E-11  0.000000000000000000E+00  2.750000000124435129E-01  2.749999999486495520E-11  2.749999999849435106E-01
  1.368877096510030533E-01  1.099999999999999867E+00  1.654556291409854844E-11  1.820011920581015877E-11  0.000000000000000000E+00  2.750000000124435129E-01  2.756537313069551524E-11  2.749999999848781185E-01
  2.766402315405565582E-01  1.099999999999999201E+00  1.654556291531615830E-11  1.820011920522782362E-11  0.000000000000000000E+00  2.750000000124432908E-01  2.768102399644415230E-11  2.749999999847623222E-01
  4.163928016699974810E-01  1.099999999999998090E+00  1.654556291478676271E-11  1.820011920448666979E-11  0.000000000000000000E+00  2.750000000124432353E-01  2.774531386991625586E-11  2.749999999846979293E-01
  5.561453153780681058E-01  1.099999999999997646E+00  1.654556291468088359E-11  1.820011920353375773E-11  0.000000000000000000E+00  2.750000000124430133E-01  2.770102512350774837E-11  2.749999999847420606E-01
  6.958978804917591576E-01  1.099999999999996980E+00  1.654556291510440007E-11  1.820011920374551596E-11  0.000000000000000000E+00  2.750000000124429578E-01  2.758643827048581524E-11  2.749999999848565801E-01
  8.356504119569853062E-01  1.099999999999996536E+00  1.654556291505146051E-11  1.820011920424844178E-11  0.000000000000000000E+00  2.750000000124429578E-01  2.750164415941219365E-11  2.749999999849412902E-01
  9.754029523053042716E-01  1.099999999999996980E+00  1.654556291441618580E-11  1.820011920469842803E-11  0.000000000000000000E+00  2.750000000124427357E-01  2.752053386314466438E-11  2.749999999849223054E-01
  1.115155511017434042E+00  1.099999999999995204E+00  1.654556291468088359E-11  1.820011920522782362E-11  0.000000000000000000E+00  2.750000000124427357E-01  2.762581145622942916E-11  2.749999999848170007E-01
  1.254908028047450719E+00  1.099999999999994760E+00  1.654556291372797153E-11  1.820011920469842803E-11  0.000000000000000000E+00  2.750000000124426802E-01  2.772420860904564193E-11  2.749999999847185794E-01
  1.394660599734519613E+00  1.099999999999993650E+00  1.654556291415148800E-11  1.820011920480430715E-11  0.000000000000000000E+00  2.750000000124426247E-01  2.772851951940994735E-11  2.749999999847141940E-01
  1.534413116217660633E+00  1.099999999999993427E+00  1.654556291457500447E-11  1.820011920332199949E-11  0.000000000000000000E+00  2.750000000124426802E-01  2.763427505650247652E-11  2.749999999848082854E-01
  1.674165675980660906E+00  1.099999999999993872E+00  1.654556291282799902E-11  1.820011920427491156E-11  0.000000000000000000E+00  2.750000000124425137E-01  2.752368681013970394E-11  2.749999999849189747E-01
  1.813918215300243775E+00  1.099999999999992983E+00  1.654556291468088359E-11  1.820011920475136759E-11  0.000000000000000000E+00  2.750000000124425137E-01  2.749332731788635418E-11  2.749999999849492838E-01
  1.953670748107797950E+00  1.099999999999991651E+00  1.654556291367503197E-11  1.820011920480430715E-11  0.000000000000000000E+00  2.750000000124424582E-01  2.756921297806324077E-11  2.749999999848732890E-01
  2.093423312828830873E+00  1.099999999999991429E+00  1.654556291372797153E-11  1.820011920416903244E-11  0.000000000000000000E+00  2.750000000124423472E-01  2.768392610660589964E-11  2.749999999847584919E-01
  2.233175827120322143E+00  1.099999999999989875E+00  1.654556291499852095E-11  1.820011920427491156E-11  0.000000000000000000E+00  2.750000000124422361E-01  2.773590251043345446E-11  2.749999999847063670E-01
  2.372928398035634601E+00  1.099999999999990319E+00  1.654556291573967478E-11  1.820011920618073569E-11  0.000000000000000000E+00  2.750000000124420696E-01  2.767876319208136619E-11  2.749999999847633214E-01
  2.512680919435239524E+00  1.099999999999989875E+00  1.654556291362209241E-11  1.820011920443373023E-11  0.000000000000000000E+00  2.750000000124419586E-01  2.756208024834748395E-11  2.749999999848798393E-01
  2.652433472343965537E+00  1.099999999999988987E+00  1.654556291310593171E-11  1.820011920401021376E-11  0.000000000000000000E+00  2.750000000124418476E-01  2.748779534513409935E-11  2.749999999849540577E-01
  2.792186019832271882E+00  1.099999999999988098E+00  1.654556291388679020E-11  1.820011920363963685E-11  0.000000000000000000E+00  2.750000000124416255E-01  2.752055328836667261E-11  2.749999999849211951E-01
  2.931938545578548716E+00  1.099999999999987654E+00  1.654556291489264183E-11  1.820011920321612037E-11  0.000000000000000000E+00  2.750000000124415145E-01  2.763086134161697406E-11  2.749999999848106169E-01
  3.071691114683830826E+00  1.099999999999987210E+00  1.654556291468088359E-11  1.820011920268672478E-11  0.000000000000000000E+00  2.750000000124415145E-01  2.772103331584338867E-11  2.749999999847203558E-01
  3.211443628269035067E+00  1.099999999999986544E+00  1.654556291393972976E-11  1.820011920438079067E-11  0.000000000000000000E+00  2.750000000124412924E-01  2.771108946829087065E-11  2.749999999847302368E-01
  3.351196196396855065E+00  1.099999999999986322E+00  1.654556291648082861E-11  1.820011920342787861E-11  0.000000000000000000E+00  2.750000000124411814E-01  2.760910668563386336E-11  2.749999999848320442E-01
  3.490948724319701491E+00  1.099999999999984990E+00  1.654556291483970227E-11  1.820011920324259015E-11  0.000000000000000000E+00  2.750000000124411814E-01  2.750409286323307814E-11  2.749999999849371268E-01
  3.630701269644158735E+00  1.099999999999984990E+00  1.654556291534262808E-11  1.820011920366610663E-11  0.000000000000000000E+00  2.750000000124410704E-01  2.748772356605303554E-11  2.749999999849533916E-01
  3.770453824963075018E+00  1.099999999999984546E+00  1.654556291542203742E-11  1.820011920295142258E-11  0.000000000000000000E+00  2.750000000124410704E-01  2.757371047027765690E-11  2.749999999848672938E-01
  3.910206344990640126E+00  1.099999999999984102E+00  1.654556291499852095E-11  1.820011920332199949E-11  0.000000000000000000E+00  2.750000000124409594E-01  2.768574983895876487E-11  2.749999999847552723E-01
  4.049958916707872447E+00  1.099999999999982991E+00  1.654556291605731213E-11  1.820011920501606538E-11  0.000000000000000000E+00  2.750000000124409039E-01  2.772463696613174936E-11  2.749999999847163035E-01
  4.189711431913796247E+00  1.099999999999982769E+00  1.654556291457500447E-11  1.820011920448666979E-11  0.000000000000000000E+00  2.750000000124407928E-01  2.765549512240899028E-11  2.749999999847851373E-01
  4.329463995480995919E+00  1.099999999999981215E+00  1.654556291446912536E-11  1.820011920475136759E-11  0.000000000000000000E+00  2.750000000124406263E-01  2.753846132967965045E-11  2.749999999849022103E-01
  4.469216530853421077E+00  1.099999999999980993E+00  1.654556291519042685E-11  1.820011920349405306E-11  0.000000000000000000E+00  2.750000000124406263E-01  2.747577814220327264E-11  2.749999999849648269E-01
  4.608969068454007889E+00  1.099999999999980771E+00  1.654556291531615830E-11  1.820011920390433464E-11  0.000000000000000000E+00  2.750000000124405153E-01  2.752189041388113253E-11  2.749999999849185861E-01
  4.748721630442785724E+00  1.099999999999979883E+00  1.654556291584555389E-11  1.820011920363963685E-11  0.000000000000000000E+00  2.750000000124403488E-01  2.763556295142864141E-11  2.749999999848046217E-01
  4.888474146648790430E+00  1.099999999999979439E+00  1.654556291521027918E-11  1.820011920385139508E-11  0.000000000000000000E+00  2.750000000124402377E-01  2.771614610191842951E-11  2.749999999847240750E-01
  5.028226718716737764E+00  1.099999999999978773E+00  1.654556291616319125E-11  1.820011920501606538E-11  0.000000000000000000E+00  2.750000000124401267E-01  2.769210215870303899E-11  2.749999999847480003E-01
  5.167979237836880735E+00  1.099999999999977662E+00  1.654556291573967478E-11  1.820011920480430715E-11  0.000000000000000000E+00  2.750000000124400712E-01  2.758389852437704009E-11  2.749999999848561361E-01
  5.307731795158164623E+00  1.099999999999977440E+00  1.654556291462794403E-11  1.820011920393080442E-11  0.000000000000000000E+00  2.750000000124399602E-01  2.748602227572065743E-11  2.749999999849539467E-01
  5.447484338771645618E+00  1.099999999999977440E+00  1.654556291534262808E-11  1.820011920419550222E-11  0.000000000000000000E+00  2.750000000124399047E-01  2.748386638808286146E-11  2.749999999849558896E-01
  5.587236868801957357E+00  1.099999999999976774E+00  1.654556291637494949E-11  1.820011920438079067E-11  0.000000000000000000E+00  2.750000000124399047E-01  2.757864339898404980E-11  2.749999999848612431E-01
  5.726989436333716377E+00  1.099999999999975664E+00  1.654556291489264183E-11  1.820011920491018627E-11  0.000000000000000000E+00  2.750000000124398492E-01  2.768632396787515268E-11  2.749999999847533849E-01
  5.866741950567374353E+00  1.099999999999975664E+00  1.654556291595143301E-11  1.820011920501606538E-11  0.000000000000000000E+00  2.750000000124396271E-01  2.771153013518250048E-11  2.749999999847281829E-01
  6.006494521101612527E+00  1.099999999999974776E+00  1.654556291510440007E-11  1.820011920416903244E-11  0.000000000000000000E+00  2.750000000124396271E-01  2.763142653374652817E-11  2.749999999848082854E-01
  6.146247045693592703E+00  1.099999999999974332E+00  1.654556291552791654E-11  1.820011920491018627E-11  0.000000000000000000E+00  2.750000000124394051E-01  2.751578085782367598E-11  2.749999999849238042E-01
  6.285999595930440442E+00  1.099999999999973443E+00  1.654556291666280834E-11  1.820011920495650838E-11  0.000000000000000000E+00  2.750000000124395161E-01  2.746562147209298349E-11  2.749999999849739307E-01
  6.425752147463275499E+00  1.099999999999972555E+00  1.654556291584555389E-11  1.820011920554546098E-11  0.000000000000000000E+00  2.750000000124394051E-01  2.752437642290259091E-11  2.749999999849151444E-01
  6.565504671139222204E+00  1.099999999999972999E+00  1.654556291542203742E-11  1.820011920533370274E-11  0.000000000000000000E+00  2.750000000124392940E-01  2.763969060155636302E-11  2.749999999847996257E-01
  6.705257242195123979E+00  1.099999999999971889E+00  1.654556291468088359E-11  1.820011920501606538E-11  0.000000000000000000E+00  2.750000000124392940E-01  2.770947769309247266E-11  2.749999999847297927E-01
  6.845009756833460912E+00  1.099999999999971223E+00  1.654556291425736712E-11  1.820011920660425216E-11  0.000000000000000000E+00  2.750000000124391830E-01  2.767168623130984341E-11  2.749999999847675403E-01
  6.984762323655727911E+00  1.099999999999970335E+00  1.654556291605731213E-11  1.820011920533370274E-11  0.000000000000000000E+00  2.750000000124390720E-01  2.755888344838632549E-11  2.749999999848802279E-01
  7.124514855338295760E+00  1.099999999999970335E+00  1.654556291407207866E-11  1.820011920403668354E-11  0.000000000000000000E+00  2.750000000124389610E-01  2.746959256828639672E-11  2.749999999849692678E-01
  7.264267397741684285E+00  1.099999999999969891E+00  1.654556291526321874E-11  1.820011920591603789E-11  0.000000000000000000E+00  2.750000000124387944E-01  2.748166058718587431E-11  2.749999999849572219E-01
  7.404019956740666153E+00  1.099999999999969447E+00  1.654556291457500447E-11  1.820011920565134010E-11  0.000000000000000000E+00  2.750000000124386834E-01  2.758379112334590069E-11  2.749999999848550258E-01
  7.543772475401517852E+00  1.099999999999968336E+00  1.654556291510440007E-11  1.820011920586309833E-11  0.000000000000000000E+00  2.750000000124386834E-01  2.768548439273913238E-11  2.749999999847529963E-01
  7.683525048123780898E+00  1.099999999999967670E+00  1.654556291552791654E-11  1.820011920554546098E-11  0.000000000000000000E+00  2.750000000124384614E-01  2.769663653384921517E-11  2.749999999847417831E-01
  7.823277565377696696E+00  1.099999999999967670E+00  1.654556291425736712E-11  1.820011920469842803E-11  0.000000000000000000E+00  2.750000000124383503E-01  2.760676245857751640E-11  2.749999999848313781E-01
  7.963030126904424577E+00  1.099999999999967004E+00  1.654556291409854844E-11  1.820011920369257640E-11  0.000000000000000000E+00  2.750000000124380728E-01  2.749423144467885223E-11  2.749999999849438992E-01
  8.102782666512506893E+00  1.099999999999966560E+00  1.654556291482646738E-11  1.820011920447343490E-11  0.000000000000000000E+00  2.750000000124380728E-01  2.745732589639011489E-11  2.749999999849808141E-01
  8.242535201212461970E+00  1.099999999999965450E+00  1.654556291499852095E-11  1.820011920374551596E-11  0.000000000000000000E+00  2.750000000124380173E-01  2.752781985007599161E-11  2.749999999849100929E-01
  8.382287766483592861E+00  1.099999999999965228E+00  1.654556291436324624E-11  1.820011920491018627E-11  0.000000000000000000E+00  2.750000000124378507E-01  2.764303770053386108E-11  2.749999999847949628E-01
  8.522040282042924630E+00  1.099999999999964118E+00  1.654556291584555389E-11  1.820011920363963685E-11  0.000000000000000000E+00  2.750000000124377397E-01  2.770097235502866944E-11  2.749999999847368981E-01
  8.661792854274763087E+00  1.099999999999963674E+00  1.654556291563379566E-11  1.820011920279260390E-11  0.000000000000000000E+00  2.750000000124378507E-01  2.765000534760616614E-11  2.749999999847877463E-01
  8.801545376104598972E+00  1.099999999999963451E+00  1.654556291521027918E-11  1.820011920517488406E-11  0.000000000000000000E+00  2.750000000124377397E-01  2.753428132498006006E-11  2.749999999849034316E-01
  8.941297930990513620E+00  1.099999999999962785E+00  1.654556291640141927E-11  1.820011920488371649E-11  0.000000000000000000E+00  2.750000000124376287E-01  2.745490018734606017E-11  2.749999999849827570E-01
  9.081050478612736399E+00  1.099999999999962563E+00  1.654556291605731213E-11  1.820011920369257640E-11  0.000000000000000000E+00  2.750000000124374067E-01  2.748098944358423783E-11  2.749999999849564447E-01
  9.220803006307617622E+00  1.099999999999961675E+00  1.654556291573967478E-11  1.820011920385139508E-11  0.000000000000000000E+00  2.750000000124374067E-01  2.758892163014470038E-11  2.749999999848483645E-01
  9.360555576075466178E+00  1.099999999999961009E+00  1.654556291701022420E-11  1.820011920406315332E-11  0.000000000000000000E+00  2.750000000124372956E-01  2.768310063132576418E-11  2.749999999847541066E-01
  9.500308090827585872E+00  1.099999999999960565E+00  1.654556291563379566E-11  1.820011920300436214E-11  0.000000000000000000E+00  2.750000000124371846E-01  2.768002355802061207E-11  2.749999999847572152E-01
  9.640060660411146287E+00  1.099999999999960121E+00  1.654556291711610332E-11  1.820011920353375773E-11  0.000000000000000000E+00  2.750000000124370736E-01  2.758172883573653816E-11  2.749999999848553589E-01
  9.779813188694015835E+00  1.099999999999959233E+00  1.654556291536909786E-11  1.820011920385139508E-11  0.000000000000000000E+00  2.750000000124370181E-01  2.747398208564115070E-11  2.749999999849630505E-01
  9.919565735975952592E+00  1.099999999999958789E+00  1.654556291624260059E-11  1.820011920378522063E-11  0.000000000000000000E+00  2.750000000124369626E-01  2.745086378917784155E-11  2.749999999849859766E-01
  1.005931829158899049E+01  1.099999999999957900E+00  1.654556291626907037E-11  1.820011920390433464E-11  0.000000000000000000E+00  2.750000000124367405E-01  2.753202135474696297E-11  2.749999999849047638E-01
  1.019907081329215259E+01  1.099999999999957678E+00  1.654556291542203742E-11  1.820011920438079067E-11  0.000000000000000000E+00  2.750000000124367405E-01  2.764539886128263800E-11  2.749999999847913545E-01
  1.033882338592198558E+01  1.099999999999957678E+00  1.654556291648082861E-11  1.820011920480430715E-11  0.000000000000000000E+00  2.750000000124368515E-01  2.769061551657276393E-11  2.749999999847461685E-01
  1.047857590194349342E+01  1.099999999999956124E+00  1.654556291690434508E-11  1.820011920501606538E-11  0.000000000000000000E+00  2.750000000124365185E-01  2.762722867636346148E-11  2.749999999848095067E-01
  1.061832846722658275E+01  1.099999999999955902E+00  1.654556291685140552E-11  1.820011920358669729E-11  0.000000000000000000E+00  2.750000000124364630E-01  2.751031502335745579E-11  2.749999999849261356E-01
  1.075808100284347013E+01  1.099999999999955236E+00  1.654556291641465416E-11  1.820011920336832160E-11  0.000000000000000000E+00  2.750000000124364075E-01  2.744201281994012219E-11  2.749999999849944698E-01
  1.089783354245022196E+01  1.099999999999954570E+00  1.654556291579261434E-11  1.820011920385139508E-11  0.000000000000000000E+00  2.750000000124364075E-01  2.748170951890476028E-11  2.749999999849546684E-01
  1.103758610488078773E+01  1.099999999999953904E+00  1.654556291605731213E-11  1.820011920406315332E-11  0.000000000000000000E+00  2.750000000124362964E-01  2.759381232102175367E-11  2.749999999848424248E-01
  1.117733862255354005E+01  1.099999999999953459E+00  1.654556291542203742E-11  1.820011920374551596E-11  0.000000000000000000E+00  2.750000000124361854E-01  2.767905294973155987E-11  2.749999999847571597E-01
  1.131709119583314482E+01  1.099999999999952571E+00  1.654556291605731213E-11  1.820011920342787861E-11  0.000000000000000000E+00  2.750000000124360189E-01  2.766179829301916973E-11  2.749999999847742016E-01
  1.145684371550478708E+01  1.099999999999951905E+00  1.654556291679846596E-11  1.820011920406315332E-11  0.000000000000000000E+00  2.750000000124358523E-01  2.755654552027893288E-11  2.749999999848793397E-01
  1.159659627471888932E+01  1.099999999999951017E+00  1.654556291505146051E-11  1.820011920221026875E-11  0.000000000000000000E+00  2.750000000124357968E-01  2.745518792421459996E-11  2.749999999849805921E-01
  1.173634881846967737E+01  1.099999999999950573E+00  1.654556291550144676E-11  1.820011920348081817E-11  0.000000000000000000E+00  2.750000000124355193E-01  2.744618125251859412E-11  2.749999999849894738E-01
  1.187610135044751658E+01  1.099999999999950351E+00  1.654556291648082861E-11  1.820011920374551596E-11  0.000000000000000000E+00  2.750000000124354083E-01  2.753676351028108790E-11  2.749999999848986576E-01
  1.201585391850355578E+01  1.099999999999949685E+00  1.654556291669258684E-11  1.820011920321612037E-11  0.000000000000000000E+00  2.750000000124354083E-01  2.764659485446170237E-11  2.749999999847887455E-01
  1.215560643398592866E+01  1.099999999999949463E+00  1.654556291573967478E-11  1.820011920289848302E-11  0.000000000000000000E+00  2.750000000124351862E-01  2.767840673769820985E-11  2.749999999847567711E-01
  1.229535900588193797E+01  1.099999999999948574E+00  1.654556291828077362E-11  1.820011920300436214E-11  0.000000000000000000E+00  2.750000000124351862E-01  2.760355485681634854E-11  2.749999999848314891E-01
  1.243511153093617594E+01  1.099999999999948130E+00  1.654556291637494949E-11  1.820011920295142258E-11  0.000000000000000000E+00  2.750000000124348531E-01  2.748718922616666604E-11  2.749999999849478405E-01
  1.257486408306809267E+01  1.099999999999947020E+00  1.654556291609122654E-11  1.820011920279591262E-11  0.000000000000000000E+00  2.750000000124347421E-01  2.743097287945032160E-11  2.749999999850039067E-01
  1.271461663488331340E+01  1.099999999999946798E+00  1.654556291653376816E-11  1.820011920332199949E-11  0.000000000000000000E+00  2.750000000124347976E-01  2.748366123623336590E-11  2.749999999849509491E-01
  1.285436916024029763E+01  1.099999999999946354E+00  1.654556291605731213E-11  1.820011920332199949E-11  0.000000000000000000E+00  2.750000000124346311E-01  2.759823494708462865E-11  2.749999999848364851E-01
  1.299412173211712940E+01  1.099999999999945688E+00  1.654556291595143301E-11  1.820011920247496654E-11  0.000000000000000000E+00  2.750000000124345756E-01  2.767325957379763332E-11  2.749999999847613785E-01
  1.313387424769070755E+01  1.099999999999945244E+00  1.654556291732786155E-11  1.820011920448666979E-11  0.000000000000000000E+00  2.750000000124345201E-01  2.764207817888427481E-11  2.749999999847924093E-01
  1.327362681620678231E+01  1.099999999999944356E+00  1.654556291521027918E-11  1.820011920491018627E-11  0.000000000000000000E+00  2.750000000124345201E-01  2.753144542971619366E-11  2.749999999849030985E-01
  1.341337934811957311E+01  1.099999999999943689E+00  1.654556291425736712E-11  1.820011920395727420E-11  0.000000000000000000E+00  2.750000000124345201E-01  2.743797736956273249E-11  2.749999999849964682E-01
  1.355313189260908402E+01  1.099999999999943912E+00  1.654556291634847971E-11  1.820011920390433464E-11  0.000000000000000000E+00  2.750000000124342980E-01  2.744319583610576895E-11  2.749999999849911392E-01
  1.369288445185969572E+01  1.099999999999943245E+00  1.654556291595143301E-11  1.820011920332199949E-11  0.000000000000000000E+00  2.750000000124341870E-01  2.754182852230419652E-11  2.749999999848923293E-01
  1.383263697219233279E+01  1.099999999999943023E+00  1.654556291679846596E-11  1.820011920448666979E-11  0.000000000000000000E+00  2.750000000124341315E-01  2.764645251802228507E-11  2.749999999847877463E-01
  1.397238954587453463E+01  1.099999999999942135E+00  1.654556291669258684E-11  1.820011920215732919E-11  0.000000000000000000E+00  2.750000000124340760E-01  2.766438722610813428E-11  2.749999999847697052E-01
  1.411214206392384796E+01  1.099999999999941691E+00  1.654556291732786155E-11  1.820011920480430715E-11  0.000000000000000000E+00  2.750000000124340760E-01  2.757918317041859014E-11  2.749999999848548038E-01
  1.425189462718087441E+01  1.099999999999941469E+00  1.654556291738080111E-11  1.820011920273966434E-11  0.000000000000000000E+00  2.750000000124338539E-01  2.746510365338981105E-11  2.749999999849688237E-01
  1.439164716703266578E+01  1.099999999999940137E+00  1.654556291627568781E-11  1.820011920345434839E-11  0.000000000000000000E+00  2.750000000124337984E-01  2.742179417495899641E-11  2.749999999850121224E-01
  1.453139970364473399E+01  1.099999999999940137E+00  1.654556291679846596E-11  1.820011920385139508E-11  0.000000000000000000E+00  2.750000000124339095E-01  2.748666144271660721E-11  2.749999999849472299E-01
  1.467115226937365691E+01  1.099999999999939249E+00  1.654556291838665274E-11  1.820011920258084566E-11  0.000000000000000000E+00  2.750000000124336319E-01  2.760197849343970996E-11  2.749999999848318222E-01
  1.481090478624719076E+01  1.099999999999938805E+00  1.654556291616319125E-11  1.820011920363963685E-11  0.000000000000000000E+00  2.750000000124336874E-01  2.766565186407702309E-11  2.749999999847679844E-01
  1.495065735972190879E+01  1.099999999999938360E+00  1.654556291743374067E-11  1.820011920342787861E-11  0.000000000000000000E+00  2.750000000124335209E-01  2.762101670412180816E-11  2.749999999848125598E-01
  1.509040988201674338E+01  1.099999999999937694E+00  1.654556291806901538E-11  1.820011920443373023E-11  0.000000000000000000E+00  2.750000000124334654E-01  2.750664981433652839E-11  2.749999999849267462E-01
  1.523016243880943144E+01  1.099999999999937250E+00  1.654556291743374067E-11  1.820011920156175915E-11  0.000000000000000000E+00  2.750000000124332988E-01  2.742245899751319952E-11  2.749999999850108456E-01
  1.536991498661934408E+01  1.099999999999936584E+00  1.654556291706316376E-11  1.820011920205145007E-11  0.000000000000000000E+00  2.750000000124332433E-01  2.744180249700066681E-11  2.749999999849915278E-01
  1.550966751618903494E+01  1.099999999999936140E+00  1.654556291584555389E-11  1.820011920215732919E-11  0.000000000000000000E+00  2.750000000124331878E-01  2.754698585721184643E-11  2.749999999848861676E-01
  1.564942008666663043E+01  1.099999999999935252E+00  1.654556291626907037E-11  1.820011920099265889E-11  0.000000000000000000E+00  2.750000000124330768E-01  2.764483093152784805E-11  2.749999999847883569E-01
  1.578917260253466637E+01  1.099999999999935030E+00  1.654556291637494949E-11  1.820011920236908742E-11  0.000000000000000000E+00  2.750000000124330213E-01  2.764861148796515471E-11  2.749999999847844157E-01
  1.592892517361774729E+01  1.099999999999934364E+00  1.654556291616319125E-11  1.820011920088677977E-11  0.000000000000000000E+00  2.750000000124330213E-01  2.755433553270575502E-11  2.749999999848786736E-01
  1.606867770217718672E+01  1.099999999999933920E+00  1.654556291462794403E-11  1.820011920120441712E-11  0.000000000000000000E+00  2.750000000124328547E-01  2.744423541164280619E-11  2.749999999849885857E-01
  1.620843025143627969E+01  1.099999999999933253E+00  1.654556291528968852E-11  1.820011920048973307E-11  0.000000000000000000E+00  2.750000000124326882E-01  2.741446270088479875E-11  2.749999999850182841E-01
  1.634818280726200257E+01  1.099999999999932587E+00  1.654556291547497698E-11  1.820011920067502153E-11  0.000000000000000000E+00  2.750000000124326327E-01  2.749051740194492618E-11  2.749999999849421228E-01
  1.648793533070326589E+01  1.099999999999931921E+00  1.654556291552791654E-11  1.820011920120441712E-11  0.000000000000000000E+00  2.750000000124324662E-01  2.760483183026220667E-11  2.749999999848277143E-01
  1.662768790421549880E+01  1.099999999999931699E+00  1.654556291531615830E-11  1.820011920067502153E-11  0.000000000000000000E+00  2.750000000124324662E-01  2.765620190394711153E-11  2.749999999847762000E-01
  1.676744042114087563E+01  1.099999999999931699E+00  1.654556291542203742E-11  1.820011919951035123E-11  0.000000000000000000E+00  2.750000000124322996E-01  2.759877393759102924E-11  2.749999999848333765E-01
  1.690719298809337090E+01  1.099999999999930367E+00  1.654556291531615830E-11  1.820011920104559844E-11  0.000000000000000000E+00  2.750000000124321331E-01  2.748238487706818363E-11  2.749999999849497834E-01
  1.704694552398406771E+01  1.099999999999929923E+00  1.654556291446912536E-11  1.820011920018533061E-11  0.000000000000000000E+00  2.750000000124319666E-01  2.740871290121097859E-11  2.749999999850231691E-01
  1.718669806548281898E+01  1.099999999999929923E+00  1.654556291494558139E-11  1.820011920056914241E-11  0.000000000000000000E+00  2.750000000124318555E-01  2.744186891198725329E-11  2.749999999849899179E-01
  1.732645062830891902E+01  1.099999999999929479E+00  1.654556291478676271E-11  1.820011920078090065E-11  0.000000000000000000E+00  2.750000000124317445E-01  2.755201248760892457E-11  2.749999999848797283E-01
  1.746620314735130819E+01  1.099999999999929035E+00  1.654556291584555389E-11  1.820011920141617536E-11  0.000000000000000000E+00  2.750000000124315225E-01  2.764159914249318891E-11  2.749999999847899113E-01
  1.760595572175835244E+01  1.099999999999928146E+00  1.654556291690434508E-11  1.820011919855743916E-11  0.000000000000000000E+00  2.750000000124314115E-01  2.763117427356899948E-11  2.749999999848001808E-01
  1.774570824196059249E+01  1.099999999999927258E+00  1.654556291626907037E-11  1.820011920046326329E-11  0.000000000000000000E+00  2.750000000124313004E-01  2.752922913223544668E-11  2.749999999849019883E-01
  1.788546080308584152E+01  1.099999999999926814E+00  1.654556291648082861E-11  1.820011920027797484E-11  0.000000000000000000E+00  2.750000000124311894E-01  2.742474935623272582E-11  2.749999999850064047E-01
  1.802521334695413913E+01  1.099999999999925926E+00  1.654556291576614456E-11  1.820011920038385395E-11  0.000000000000000000E+00  2.750000000124310784E-01  2.740893757709368172E-11  2.749999999850221144E-01
  1.816496588093070130E+01  1.099999999999926148E+00  1.654556291595143301E-11  1.820011920051620285E-11  0.000000000000000000E+00  2.750000000124310784E-01  2.749501712790455149E-11  2.749999999849360721E-01
  1.830471844943959425E+01  1.099999999999925260E+00  1.654556291679846596E-11  1.820011920014562594E-11  0.000000000000000000E+00  2.750000000124309674E-01  2.760660837320888246E-11  2.749999999848243837E-01
  1.844447096619354554E+01  1.099999999999924594E+00  1.654556291584555389E-11  1.820011920152205448E-11  0.000000000000000000E+00  2.750000000124308008E-01  2.764489586365810406E-11  2.749999999847860255E-01
  1.858422353934922810E+01  1.099999999999923928E+00  1.654556291796313626E-11  1.820011919982798858E-11  0.000000000000000000E+00  2.750000000124307453E-01  2.757554081339213279E-11  2.749999999848553589E-01
  1.872397606489489164E+01  1.099999999999923261E+00  1.654556291579261434E-11  1.820011919993386770E-11  0.000000000000000000E+00  2.750000000124308008E-01  2.745885984268727173E-11  2.749999999849718768E-01
  1.886372861891006991E+01  1.099999999999923039E+00  1.654556291784402225E-11  1.820011920032760567E-11  0.000000000000000000E+00  2.750000000124307453E-01  2.739679477488375766E-11  2.749999999850339938E-01
  1.900348117099001399E+01  1.099999999999921929E+00  1.654556291849253186E-11  1.820011919998680726E-11  0.000000000000000000E+00  2.750000000124306343E-01  2.744324529336797637E-11  2.749999999849874754E-01
  1.914323369812308329E+01  1.099999999999921929E+00  1.654556291838665274E-11  1.820011920025150506E-11  0.000000000000000000E+00  2.750000000124305233E-01  2.755667835220295638E-11  2.749999999848739551E-01
  1.928298627078242333E+01  1.099999999999921041E+00  1.654556292008071863E-11  1.820011920014562594E-11  0.000000000000000000E+00  2.750000000124304678E-01  2.763666321973305967E-11  2.749999999847937415E-01
  1.942273878732026660E+01  1.099999999999920375E+00  1.654556291753961979E-11  1.820011919993386770E-11  0.000000000000000000E+00  2.750000000124303567E-01  2.761218136486789575E-11  2.749999999848181664E-01
  1.956249135740384659E+01  1.099999999999919709E+00  1.654556291753961979E-11  1.820011919982798858E-11  0.000000000000000000E+00  2.750000000124303567E-01  2.750409614142867341E-11  2.749999999849262466E-01
  1.970224388954240169E+01  1.099999999999918820E+00  1.654556291841312252E-11  1.820011920019856550E-11  0.000000000000000000E+00  2.750000000124303567E-01  2.740678429204189296E-11  2.749999999850234467E-01
  1.984199643600713969E+01  1.099999999999918598E+00  1.654556291822783406E-11  1.820011920017209572E-11  0.000000000000000000E+00  2.750000000124300792E-01  2.740514933296626570E-11  2.749999999850250010E-01
  1.998174899552460460E+01  1.099999999999918154E+00  1.654556291775137803E-11  1.820011920067502153E-11  0.000000000000000000E+00  2.750000000124300792E-01  2.749994642116129643E-11  2.749999999849301324E-01
  2.012150151744859627E+01  1.099999999999917488E+00  1.654556291891604833E-11  1.820011920025150506E-11  0.000000000000000000E+00  2.750000000124300792E-01  2.760712644939162410E-11  2.749999999848228849E-01
  2.026125409210606065E+01  1.099999999999917266E+00  1.654556291828077362E-11  1.820011920003974682E-11  0.000000000000000000E+00  2.750000000124298571E-01  2.763176156542607496E-11  2.749999999847981824E-01
  2.040100661087329215E+01  1.099999999999916378E+00  1.654556291849253186E-11  1.820011920088677977E-11  0.000000000000000000E+00  2.750000000124299127E-01  2.755151015647104573E-11  2.749999999848782850E-01
  2.054075917584724920E+01  1.099999999999916156E+00  1.654556292061011422E-11  1.820011920030444462E-11  0.000000000000000000E+00  2.750000000124296351E-01  2.743628087625592230E-11  2.749999999849934151E-01
  2.068051171582054693E+01  1.099999999999915712E+00  1.654556291994836973E-11  1.820011920052612902E-11  0.000000000000000000E+00  2.750000000124296906E-01  2.738673157497409211E-11  2.749999999850429866E-01
  2.082026425436408701E+01  1.099999999999915046E+00  1.654556291976308128E-11  1.820011920093971933E-11  0.000000000000000000E+00  2.750000000124295241E-01  2.744575738555101554E-11  2.749999999849837007E-01
  2.096001682048046177E+01  1.099999999999914380E+00  1.654556291997483951E-11  1.820011920056914241E-11  0.000000000000000000E+00  2.750000000124294686E-01  2.756076875572313582E-11  2.749999999848685706E-01
  2.109976933874471783E+01  1.099999999999913047E+00  1.654556291955132304E-11  1.820011920067502153E-11  0.000000000000000000E+00  2.750000000124293575E-01  2.762994185688718288E-11  2.749999999847994037E-01
  2.123952191343422768E+01  1.099999999999913047E+00  1.654556292251593835E-11  1.820011920152205448E-11  0.000000000000000000E+00  2.750000000124294131E-01  2.759177562899661531E-11  2.749999999848374288E-01
  2.137927443629240898E+01  1.099999999999912603E+00  1.654556292103363070E-11  1.820011919966916991E-11  0.000000000000000000E+00  2.750000000124291355E-01  2.747915839324770577E-11  2.749999999849500609E-01
  2.151902699495705207E+01  1.099999999999911937E+00  1.654556292095422136E-11  1.820011920033091440E-11  0.000000000000000000E+00  2.750000000124290800E-01  2.739046054611516676E-11  2.749999999850387122E-01
  2.165877954302779429E+01  1.099999999999911715E+00  1.654556292151008673E-11  1.820011920030444462E-11  0.000000000000000000E+00  2.750000000124288579E-01  2.740300491612740779E-11  2.749999999850260002E-01
  2.179853207439634133E+01  1.099999999999910605E+00  1.654556291986896039E-11  1.820011920099265889E-11  0.000000000000000000E+00  2.750000000124287469E-01  2.750507701189692723E-11  2.749999999849237486E-01
  2.193828464557124391E+01  1.099999999999910383E+00  1.654556291976308128E-11  1.820011920025150506E-11  0.000000000000000000E+00  2.750000000124286914E-01  2.760623525532363284E-11  2.749999999848223853E-01
  2.207803716248889359E+01  1.099999999999909939E+00  1.654556291976308128E-11  1.820011919961623035E-11  0.000000000000000000E+00  2.750000000124284694E-01  2.761684043126427910E-11  2.749999999848117271E-01
  2.221778973507967336E+01  1.099999999999909051E+00  1.654556292029247687E-11  1.820011920067502153E-11  0.000000000000000000E+00  2.750000000124283028E-01  2.752689913138224133E-11  2.749999999849014332E-01
  2.235754226389330768E+01  1.099999999999908606E+00  1.654556292098069114E-11  1.820011919940447211E-11  0.000000000000000000E+00  2.750000000124282473E-01  2.741483249949882554E-11  2.749999999850134547E-01
  2.249729481517689678E+01  1.099999999999908162E+00  1.654556292176154964E-11  1.820011919917947898E-11  0.000000000000000000E+00  2.750000000124280808E-01  2.737852295054518516E-11  2.749999999850496479E-01
  2.263704737113909005E+01  1.099999999999907274E+00  1.654556292198654276E-11  1.820011919966916991E-11  0.000000000000000000E+00  2.750000000124279698E-01  2.744921971629028321E-11  2.749999999849788712E-01
  2.277679989633994140E+01  1.099999999999907274E+00  1.654556292166890541E-11  1.820011920046326329E-11  0.000000000000000000E+00  2.750000000124277477E-01  2.756406759747529808E-11  2.749999999848636856E-01
  2.291655247062197986E+01  1.099999999999906386E+00  1.654556292283357571E-11  1.820011920205145007E-11  0.000000000000000000E+00  2.750000000124276922E-01  2.762139394270978823E-11  2.749999999848064536E-01
  2.305630498844525178E+01  1.099999999999905720E+00  1.654556292357472954E-11  1.820011920131029624E-11  0.000000000000000000E+00  2.750000000124278032E-01  2.757010745310550147E-11  2.749999999848575793E-01
  2.319605755694025717E+01  1.099999999999904610E+00  1.654556292251593835E-11  1.820011920099265889E-11  0.000000000000000000E+00  2.750000000124275257E-01  2.745464463864307564E-11  2.749999999849729870E-01
  2.333581009309551035E+01  1.099999999999905054E+00  1.654556292197330787E-11  1.820011920048973307E-11  0.000000000000000000E+00  2.750000000124274147E-01  2.737587027076227770E-11  2.749999999850516463E-01
  2.347556263648580455E+01  1.099999999999904166E+00  1.654556292278063615E-11  1.820011920046326329E-11  0.000000000000000000E+00  2.750000000124274702E-01  2.740238360373555721E-11  2.749999999850251120E-01
  2.361531519969539872E+01  1.099999999999903499E+00  1.654556292145714717E-11  1.820011920056914241E-11  0.000000000000000000E+00  2.750000000124274147E-01  2.751018624285315929E-11  2.749999999849171983E-01
  2.375506772020008484E+01  1.099999999999902833E+00  1.654556292124538893E-11  1.820011920056914241E-11  0.000000000000000000E+00  2.750000000124274702E-01  2.760379310039846440E-11  2.749999999848237175E-01
  2.389482029570999799E+01  1.099999999999902389E+00  1.654556292124538893E-11  1.820011920003974682E-11  0.000000000000000000E+00  2.750000000124273591E-01  2.760021458760981167E-11  2.749999999848271037E-01
  2.403457281650307920E+01  1.099999999999901723E+00  1.654556292166890541E-11  1.820011919951035123E-11  0.000000000000000000E+00  2.750000000124273591E-01  2.750192147431968318E-11  2.749999999849254695E-01
  2.417432537945551374E+01  1.099999999999901057E+00  1.654556292172184497E-11  1.820011919903389519E-11  0.000000000000000000E+00  2.750000000124272481E-01  2.739468871164566655E-11  2.749999999850324950E-01
  2.431407792346657004E+01  1.099999999999900613E+00  1.654556292164243563E-11  1.820011919988092814E-11  0.000000000000000000E+00  2.750000000124271371E-01  2.737214112972811185E-11  2.749999999850549770E-01
  2.445383045938721622E+01  1.099999999999900169E+00  1.654556292156302629E-11  1.820011920014562594E-11  0.000000000000000000E+00  2.750000000124269151E-01  2.745342647411230683E-11  2.749999999849736532E-01
  2.459358302838791488E+01  1.099999999999899725E+00  1.654556292177478453E-11  1.820011919951035123E-11  0.000000000000000000E+00  2.750000000124269151E-01  2.756638157020822432E-11  2.749999999848605770E-01
  2.473333554641102694E+01  1.099999999999899281E+00  1.654556292113950982E-11  1.820011919823980181E-11  0.000000000000000000E+00  2.750000000124268595E-01  2.761099232566300040E-11  2.749999999848159460E-01
  2.487308812084605592E+01  1.099999999999898614E+00  1.654556292166890541E-11  1.820011920056914241E-11  0.000000000000000000E+00  2.750000000124268040E-01  2.754735944295964967E-11  2.749999999848793952E-01
  2.501284064678729635E+01  1.099999999999897504E+00  1.654556292135126805E-11  1.820011920093971933E-11  0.000000000000000000E+00  2.750000000124265265E-01  2.743076790037072217E-11  2.749999999849959131E-01
  2.515259320269135657E+01  1.099999999999896838E+00  1.654556292016012797E-11  1.820011920020518294E-11  0.000000000000000000E+00  2.750000000124266375E-01  2.736308223515765619E-11  2.749999999850634702E-01
  2.529234575493340387E+01  1.099999999999896616E+00  1.654556292050423510E-11  1.820011920109853800E-11  0.000000000000000000E+00  2.750000000124264710E-01  2.740314583695631377E-11  2.749999999850232801E-01
  2.543209828387469074E+01  1.099999999999896394E+00  1.654556292166890541E-11  1.820011920183969183E-11  0.000000000000000000E+00  2.750000000124264155E-01  2.751504302325525918E-11  2.749999999849113141E-01
  2.557185085724384876E+01  1.099999999999896172E+00  1.654556292082187246E-11  1.820011920088677977E-11  0.000000000000000000E+00  2.750000000124261379E-01  2.759969423333030403E-11  2.749999999848264931E-01
  2.571160337478844227E+01  1.099999999999894840E+00  1.654556292061011422E-11  1.820011920131029624E-11  0.000000000000000000E+00  2.750000000124260824E-01  2.758197783727178694E-11  2.749999999848440901E-01
  2.585135594638257928E+01  1.099999999999893951E+00  1.654556292145714717E-11  1.820011920162793360E-11  0.000000000000000000E+00  2.750000000124260824E-01  2.747680782485292006E-11  2.749999999849491172E-01
  2.599110847882953834E+01  1.099999999999893951E+00  1.654556292132479827E-11  1.820011920183969183E-11  0.000000000000000000E+00  2.750000000124259159E-01  2.737599819973349946E-11  2.749999999850499255E-01
  2.613086102722680693E+01  1.099999999999892619E+00  1.654556292127185871E-11  1.820011920178675227E-11  0.000000000000000000E+00  2.750000000124259159E-01  2.736752983300258763E-11  2.749999999850581966E-01
  2.627061358707641858E+01  1.099999999999893063E+00  1.654556292113950982E-11  1.820011920099265889E-11  0.000000000000000000E+00  2.750000000124257493E-01  2.745816777557935383E-11  2.749999999849674359E-01
  2.641036611054412475E+01  1.099999999999891731E+00  1.654556292198654276E-11  1.820011920109853800E-11  0.000000000000000000E+00  2.750000000124256383E-01  2.756752116453228413E-11  2.749999999848581345E-01
  2.655011868619101634E+01  1.099999999999891731E+00  1.654556292188066364E-11  1.820011920247496654E-11  0.000000000000000000E+00  2.750000000124254163E-01  2.759875137992168678E-11  2.749999999848267151E-01
  2.668987120563091509E+01  1.099999999999890621E+00  1.654556292241005924E-11  1.820011920162793360E-11  0.000000000000000000E+00  2.750000000124252497E-01  2.752371730349509278E-11  2.749999999849015997E-01
  2.682962377237694795E+01  1.099999999999890399E+00  1.654556291981602084E-11  1.820011920348081817E-11  0.000000000000000000E+00  2.750000000124252497E-01  2.740774003761113959E-11  2.749999999850174515E-01
  2.696937631243264377E+01  1.099999999999890177E+00  1.654556292114736803E-11  1.820011920183100644E-11  0.000000000000000000E+00  2.750000000124250832E-01  2.735213640958381813E-11  2.749999999850729071E-01
  2.710912885296605168E+01  1.099999999999888844E+00  1.654556292108657026E-11  1.820011920168087315E-11  0.000000000000000000E+00  2.750000000124248611E-01  2.740512686492631115E-11  2.749999999850197829E-01
  2.724888141940972019E+01  1.099999999999888178E+00  1.654556292135126805E-11  1.820011920152205448E-11  0.000000000000000000E+00  2.750000000124246391E-01  2.751942975110395438E-11  2.749999999849052079E-01
  2.738863393911604405E+01  1.099999999999887734E+00  1.654556292188066364E-11  1.820011920247496654E-11  0.000000000000000000E+00  2.750000000124245836E-01  2.759384501559135767E-11  2.749999999848306009E-01
  2.752838651494251465E+01  1.099999999999887290E+00  1.654556292262181747E-11  1.820011920162793360E-11  0.000000000000000000E+00  2.750000000124245836E-01  2.756226191366450675E-11  2.749999999848622423E-01
  2.766813903840778721E+01  1.099999999999887068E+00  1.654556292241005924E-11  1.820011920279260390E-11  0.000000000000000000E+00  2.750000000124243615E-01  2.745177981552024066E-11  2.749999999849724874E-01
  2.780789159887885731E+01  1.099999999999886180E+00  1.654556292288651527E-11  1.820011920316318081E-11  0.000000000000000000E+00  2.750000000124243060E-01  2.735889257341318752E-11  2.749999999850654686E-01
  2.794764414719541534E+01  1.099999999999885514E+00  1.654556292262181747E-11  1.820011920210438963E-11  0.000000000000000000E+00  2.750000000124241950E-01  2.736460830638787066E-11  2.749999999850596399E-01
  2.808739668035557102E+01  1.099999999999884626E+00  1.654556292262181747E-11  1.820011920120441712E-11  0.000000000000000000E+00  2.750000000124241950E-01  2.746321841961009161E-11  2.749999999849610521E-01
  2.822714925213686854E+01  1.099999999999884182E+00  1.654556292293945483E-11  1.820011920183969183E-11  0.000000000000000000E+00  2.750000000124241395E-01  2.756732625705548317E-11  2.749999999848566912E-01
  2.836690177016630088E+01  1.099999999999883737E+00  1.654556292315121307E-11  1.820011920120441712E-11  0.000000000000000000E+00  2.750000000124239730E-01  2.758469932985198722E-11  2.749999999848393162E-01
  2.850665434419919464E+01  1.099999999999882405E+00  1.654556292526879543E-11  1.820011920067502153E-11  0.000000000000000000E+00  2.750000000124240285E-01  2.749939268873959069E-11  2.749999999849245258E-01
  2.864640687333374203E+01  1.099999999999882183E+00  1.654556292129832849E-11  1.820011919961623035E-11  0.000000000000000000E+00  2.750000000124239730E-01  2.738575234611003843E-11  2.749999999850382126E-01
  2.878615942661428662E+01  1.099999999999881517E+00  1.654556292228432778E-11  1.820011919949711634E-11  0.000000000000000000E+00  2.750000000124239730E-01  2.734304604659714864E-11  2.749999999850807897E-01
  2.892591198275760433E+01  1.099999999999881073E+00  1.654556292272769659E-11  1.820011920056914241E-11  0.000000000000000000E+00  2.750000000124238619E-01  2.740814912328604541E-11  2.749999999850156196E-01
  2.906566450971074644E+01  1.099999999999880629E+00  1.654556292262181747E-11  1.820011920162793360E-11  0.000000000000000000E+00  2.750000000124236954E-01  2.752312609936044140E-11  2.749999999849006560E-01
  2.920541708475377263E+01  1.099999999999880185E+00  1.654556292262181747E-11  1.820011920109853800E-11  0.000000000000000000E+00  2.750000000124238064E-01  2.758619131412380236E-11  2.749999999848375953E-01
  2.934516960345522207E+01  1.099999999999879297E+00  1.654556292357472954E-11  1.820011920003974682E-11  0.000000000000000000E+00  2.750000000124237509E-01  2.754120704507600692E-11  2.749999999848824483E-01
  2.948492217349464894E+01  1.099999999999879075E+00  1.654556292209242188E-11  1.820011920120441712E-11  0.000000000000000000E+00  2.750000000124235844E-01  2.742706793735007372E-11  2.749999999849965238E-01
  2.962467470983236595E+01  1.099999999999878186E+00  1.654556292317768284E-11  1.820011920043679351E-11  0.000000000000000000E+00  2.750000000124234179E-01  2.734347571529985822E-11  2.749999999850799015E-01
  2.976442725515075338E+01  1.099999999999878186E+00  1.654556292230418012E-11  1.820011919972210946E-11  0.000000000000000000E+00  2.750000000124232513E-01  2.736326777859357623E-11  2.749999999850600285E-01
  2.990417981868847264E+01  1.099999999999877298E+00  1.654556292166890541E-11  1.820011919866331828E-11  0.000000000000000000E+00  2.750000000124231958E-01  2.746835688394587321E-11  2.749999999849548349E-01
  3.004393234073414476E+01  1.099999999999876854E+00  1.654556292272769659E-11  1.820011919972210946E-11  0.000000000000000000E+00  2.750000000124230848E-01  2.756564489891671779E-11  2.749999999848573573E-01
  3.018368491729524195E+01  1.099999999999876188E+00  1.654556292092775158E-11  1.820011919951035123E-11  0.000000000000000000E+00  2.750000000124228627E-01  2.756890543085239542E-11  2.749999999848540266E-01
  3.032343743875262021E+01  1.099999999999875966E+00  1.654556292262181747E-11  1.820011919993386770E-11  0.000000000000000000E+00  2.750000000124229182E-01  2.747459517072759004E-11  2.749999999849482846E-01
  3.046319000345915029E+01  1.099999999999875300E+00  1.654556292177478453E-11  1.820011919993386770E-11  0.000000000000000000E+00  2.750000000124228072E-01  2.736498732770802673E-11  2.749999999850577526E-01
  3.060294254764649224E+01  1.099999999999874412E+00  1.654556292352178998E-11  1.820011920035738417E-11  0.000000000000000000E+00  2.750000000124227517E-01  2.733579657108152624E-11  2.749999999850870069E-01
  3.074269508543836693E+01  1.099999999999874190E+00  1.654556292336297130E-11  1.820011920003974682E-11  0.000000000000000000E+00  2.750000000124224742E-01  2.741201363022761074E-11  2.749999999850105681E-01
  3.088244765499383959E+01  1.099999999999873301E+00  1.654556292251593835E-11  1.820011920078090065E-11  0.000000000000000000E+00  2.750000000124224186E-01  2.752593276309254728E-11  2.749999999848966037E-01
  3.102220017425527487E+01  1.099999999999873079E+00  1.654556292293945483E-11  1.820011920025150506E-11  0.000000000000000000E+00  2.750000000124224186E-01  2.757669276315160838E-11  2.749999999848457555E-01
  3.116195275005998866E+01  1.099999999999871747E+00  1.654556292442176249E-11  1.820011920014562594E-11  0.000000000000000000E+00  2.750000000124221411E-01  2.751898690450966499E-11  2.749999999849032650E-01
  3.130170527638535560E+01  1.099999999999871303E+00  1.654556292251593835E-11  1.820011920210438963E-11  0.000000000000000000E+00  2.750000000124220301E-01  2.740288826012039523E-11  2.749999999850192278E-01
  3.144145783425783947E+01  1.099999999999871081E+00  1.654556292271446170E-11  1.820011920160146382E-11  0.000000000000000000E+00  2.750000000124219746E-01  2.732982918082595262E-11  2.749999999850921695E-01
  3.158121038658476110E+01  1.099999999999870415E+00  1.654556292225124056E-11  1.820011920157499404E-11  0.000000000000000000E+00  2.750000000124219190E-01  2.736337942568079039E-11  2.749999999850584187E-01
  3.172096291734613516E+01  1.099999999999869749E+00  1.654556292188066364E-11  1.820011920194557095E-11  0.000000000000000000E+00  2.750000000124218080E-01  2.747335184111290490E-11  2.749999999849486176E-01
  3.186071549130198122E+01  1.099999999999869749E+00  1.654556292113950982E-11  1.820011920099265889E-11  0.000000000000000000E+00  2.750000000124217525E-01  2.756235996676479267E-11  2.749999999848593557E-01
  3.200046800987655615E+01  1.099999999999868638E+00  1.654556292251593835E-11  1.820011920131029624E-11  0.000000000000000000E+00  2.750000000124215860E-01  2.755145118345168516E-11  2.749999999848701804E-01
  3.214022058288426109E+01  1.099999999999867972E+00  1.654556292262181747E-11  1.820011920289848302E-11  0.000000000000000000E+00  2.750000000124214750E-01  2.744955303539122625E-11  2.749999999849719878E-01
  3.227997311567715855E+01  1.099999999999867750E+00  1.654556292368060866E-11  1.820011920080737043E-11  0.000000000000000000E+00  2.750000000124214194E-01  2.734560300026276499E-11  2.749999999850758492E-01
  3.241972566595320870E+01  1.099999999999867306E+00  1.654556292365413888E-11  1.820011920303083191E-11  0.000000000000000000E+00  2.750000000124213084E-01  2.733034504112732929E-11  2.749999999850909482E-01
  3.255947822609386577E+01  1.099999999999866418E+00  1.654556292325709218E-11  1.820011920273966434E-11  0.000000000000000000E+00  2.750000000124213084E-01  2.741651559253924030E-11  2.749999999850047949E-01
  3.269923075110335020E+01  1.099999999999866418E+00  1.654556292346885042E-11  1.820011920162793360E-11  0.000000000000000000E+00  2.750000000124211974E-01  2.752765303295474944E-11  2.749999999848936061E-01
  3.283898332765829764E+01  1.099999999999865530E+00  1.654556292293945483E-11  1.820011920226320831E-11  0.000000000000000000E+00  2.750000000124211419E-01  2.756535031188685929E-11  2.749999999848558030E-01
  3.297873584779220835E+01  1.099999999999865086E+00  1.654556292188066364E-11  1.820011920353375773E-11  0.000000000000000000E+00  2.750000000124210864E-01  2.749577940268653910E-11  2.749999999849252474E-01
  3.311848841626275686E+01  1.099999999999865086E+00  1.654556292256887791E-11  1.820011920369257640E-11  0.000000000000000000E+00  2.750000000124208643E-01  2.737945758791266535E-11  2.749999999850415433E-01
  3.325824095647630685E+01  1.099999999999864642E+00  1.654556292292952866E-11  1.820011920289848302E-11  0.000000000000000000E+00  2.750000000124208643E-01  2.731800578720276128E-11  2.749999999851028831E-01
  3.339799349903570658E+01  1.099999999999863975E+00  1.654556292346885042E-11  1.820011920443373023E-11  0.000000000000000000E+00  2.750000000124206978E-01  2.736478852364282979E-11  2.749999999850560872E-01
  3.353774606584089923E+01  1.099999999999863087E+00  1.654556292283357571E-11  1.820011920342787861E-11  0.000000000000000000E+00  2.750000000124205868E-01  2.747798358525173891E-11  2.749999999849427335E-01
  3.367749858702124044E+01  1.099999999999862643E+00  1.654556292378648778E-11  1.820011920438079067E-11  0.000000000000000000E+00  2.750000000124205313E-01  2.755736580006698965E-11  2.749999999848633525E-01
  3.381725116393717201E+01  1.099999999999861977E+00  1.654556292198654276E-11  1.820011920247496654E-11  0.000000000000000000E+00  2.750000000124204202E-01  2.753245679575980167E-11  2.749999999848879995E-01
  3.395700368794939550E+01  1.099999999999861533E+00  1.654556292188066364E-11  1.820011920385139508E-11  0.000000000000000000E+00  2.750000000124204202E-01  2.742448692870709256E-11  2.749999999849959131E-01
  3.409675625018370937E+01  1.099999999999860867E+00  1.654556292286004549E-11  1.820011920258084566E-11  0.000000000000000000E+00  2.750000000124203092E-01  2.732774179222331263E-11  2.749999999850925025E-01
  3.423650879862806562E+01  1.099999999999860201E+00  1.654556292196007298E-11  1.820011920321612037E-11  0.000000000000000000E+00  2.750000000124201982E-01  2.732662324928253875E-11  2.749999999850934462E-01
  3.437626133361693093E+01  1.099999999999859313E+00  1.654556292124538893E-11  1.820011920258084566E-11  0.000000000000000000E+00  2.750000000124201427E-01  2.742143360511650091E-11  2.749999999849986887E-01
  3.451601390593192065E+01  1.099999999999858868E+00  1.654556292241005924E-11  1.820011920173381271E-11  0.000000000000000000E+00  2.750000000124199762E-01  2.752811807239077926E-11  2.749999999848918297E-01
  3.465576642510829686E+01  1.099999999999858646E+00  1.654556292368060866E-11  1.820011920300436214E-11  0.000000000000000000E+00  2.750000000124198096E-01  2.755217886805964729E-11  2.749999999848677934E-01
  3.479551900050657309E+01  1.099999999999857980E+00  1.654556292198654276E-11  1.820011920247496654E-11  0.000000000000000000E+00  2.750000000124196986E-01  2.747179001118509668E-11  2.749999999849479515E-01
  3.493527152997834406E+01  1.099999999999857758E+00  1.654556292251593835E-11  1.820011920252790610E-11  0.000000000000000000E+00  2.750000000124195321E-01  2.735697328975858373E-11  2.749999999850626375E-01
  3.507502408512512915E+01  1.099999999999857536E+00  1.654556292170530135E-11  1.820011920210438963E-11  0.000000000000000000E+00  2.750000000124195321E-01  2.730803231587931395E-11  2.749999999851114318E-01
  3.521477664146227227E+01  1.099999999999856426E+00  1.654556292129832849E-11  1.820011920173381271E-11  0.000000000000000000E+00  2.750000000124194766E-01  2.736732601165550392E-11  2.749999999850520904E-01
  3.535452917008400675E+01  1.099999999999855982E+00  1.654556292219830100E-11  1.820011920236908742E-11  0.000000000000000000E+00  2.750000000124193655E-01  2.748202828909471213E-11  2.749999999849372379E-01
  3.549428174594956431E+01  1.099999999999855316E+00  1.654556292166890541E-11  1.820011920173381271E-11  0.000000000000000000E+00  2.750000000124191990E-01  2.755059549524816968E-11  2.749999999848686816E-01
  3.563403426551128916E+01  1.099999999999854428E+00  1.654556292124538893E-11  1.820011920173381271E-11  0.000000000000000000E+00  2.750000000124191435E-01  2.751205182418888633E-11  2.749999999849072063E-01
  3.577378683720070285E+01  1.099999999999854428E+00  1.654556292315121307E-11  1.820011920226320831E-11  0.000000000000000000E+00  2.750000000124191435E-01  2.739962831572514841E-11  2.749999999850195054E-01
  3.591353937370604399E+01  1.099999999999853539E+00  1.654556292333650152E-11  1.820011920194557095E-11  0.000000000000000000E+00  2.750000000124190880E-01  2.731151889211706095E-11  2.749999999851076016E-01
  3.605329192102694691E+01  1.099999999999853095E+00  1.654556292241005924E-11  1.820011920154852426E-11  0.000000000000000000E+00  2.750000000124189214E-01  2.732453473658618515E-11  2.749999999850945565E-01
  3.619304448480644254E+01  1.099999999999852651E+00  1.654556292325709218E-11  1.820011920279260390E-11  0.000000000000000000E+00  2.750000000124187549E-01  2.742654807001175295E-11  2.749999999849922494E-01
  3.633279700842158633E+01  1.099999999999852207E+00  1.654556292336297130E-11  1.820011920226320831E-11  0.000000000000000000E+00  2.750000000124186439E-01  2.752716621847505632E-11  2.749999999848915522E-01
  3.647254958593745755E+01  1.099999999999851319E+00  1.654556292357472954E-11  1.820011920279260390E-11  0.000000000000000000E+00  2.750000000124184774E-01  2.753723464604907605E-11  2.749999999848813381E-01
  3.661230210809809904E+01  1.099999999999851097E+00  1.654556292198654276E-11  1.820011920268672478E-11  0.000000000000000000E+00  2.750000000124184774E-01  2.744722337024710762E-11  2.749999999849711552E-01
  3.675205467450143715E+01  1.099999999999850209E+00  1.654556292156302629E-11  1.820011920273966434E-11  0.000000000000000000E+00  2.750000000124183108E-01  2.733562573716928758E-11  2.749999999850826216E-01
  3.689180721892043380E+01  1.099999999999849765E+00  1.654556292139097272E-11  1.820011920259408055E-11  0.000000000000000000E+00  2.750000000124181998E-01  2.729990737880358107E-11  2.749999999851182042E-01
  3.703155975853054827E+01  1.099999999999848876E+00  1.654556292108657026E-11  1.820011920242202698E-11  0.000000000000000000E+00  2.750000000124180888E-01  2.737080043381536466E-11  2.749999999850472610E-01
  3.717131232858402257E+01  1.099999999999848210E+00  1.654556292071599334E-11  1.820011920268672478E-11  0.000000000000000000E+00  2.750000000124180888E-01  2.748528139611213176E-11  2.749999999849327970E-01
  3.731106484907306253E+01  1.099999999999848210E+00  1.654556292209242188E-11  1.820011920173381271E-11  0.000000000000000000E+00  2.750000000124179778E-01  2.754199562695939081E-11  2.749999999848759535E-01
  3.745081742612770626E+01  1.099999999999847544E+00  1.654556292029247687E-11  1.820011920141617536E-11  0.000000000000000000E+00  2.750000000124178667E-01  2.749040046378425115E-11  2.749999999849274124E-01
  3.759056995281146385E+01  1.099999999999846878E+00  1.654556292039835599E-11  1.820011920168087315E-11  0.000000000000000000E+00  2.750000000124177557E-01  2.737519550129568043E-11  2.749999999850425425E-01
  3.773032251259096626E+01  1.099999999999846434E+00  1.654556292012042330E-11  1.820011920213085941E-11  0.000000000000000000E+00  2.750000000124178112E-01  2.729702834828056365E-11  2.749999999851207577E-01
  3.787007506502303755E+01  1.099999999999846212E+00  1.654556292039835599E-11  1.820011920109853800E-11  0.000000000000000000E+00  2.750000000124177002E-01  2.732396181732673747E-11  2.749999999850937793E-01
  3.800982759765331309E+01  1.099999999999845324E+00  1.654556291944544392E-11  1.820011920109853800E-11  0.000000000000000000E+00  2.750000000124175337E-01  2.743162824230564724E-11  2.749999999849859766E-01
  3.814958017220300235E+01  1.099999999999844658E+00  1.654556292071599334E-11  1.820011920025150506E-11  0.000000000000000000E+00  2.750000000124175337E-01  2.752466941347772844E-11  2.749999999848928844E-01
  3.828933269187076149E+01  1.099999999999843991E+00  1.654556292008071863E-11  1.820011920078090065E-11  0.000000000000000000E+00  2.750000000124175337E-01  2.752058656666927585E-11  2.749999999848968812E-01
  3.842908526627993382E+01  1.099999999999843325E+00  1.654556292008071863E-11  1.820011920152205448E-11  0.000000000000000000E+00  2.750000000124173116E-01  2.742230464868909791E-11  2.749999999849951360E-01
  3.856883779937783885E+01  1.099999999999843325E+00  1.654556291870429009E-11  1.820011920199851051E-11  0.000000000000000000E+00  2.750000000124172561E-01  2.731558167597515100E-11  2.749999999851016619E-01
  3.870859035153902283E+01  1.099999999999842437E+00  1.654556291883663899E-11  1.820011920137647069E-11  0.000000000000000000E+00  2.750000000124171451E-01  2.729360151801055406E-11  2.749999999851234778E-01
  3.884834291191709355E+01  1.099999999999841771E+00  1.654556291933956480E-11  1.820011920120441712E-11  0.000000000000000000E+00  2.750000000124170341E-01  2.737501275725170348E-11  2.749999999850420429E-01
  3.898809543854295612E+01  1.099999999999841105E+00  1.654556292018659775E-11  1.820011920141617536E-11  0.000000000000000000E+00  2.750000000124168675E-01  2.748753968859665130E-11  2.749999999849292998E-01
  3.912784801595650208E+01  1.099999999999840661E+00  1.654556291743374067E-11  1.820011920258084566E-11  0.000000000000000000E+00  2.750000000124168675E-01  2.753155374987312905E-11  2.749999999848851129E-01
  3.926760053685833896E+01  1.099999999999839773E+00  1.654556291881016921E-11  1.820011920131029624E-11  0.000000000000000000E+00  2.750000000124167010E-01  2.746767221839734691E-11  2.749999999849488952E-01
  3.940735310696975802E+01  1.099999999999839773E+00  1.654556291701022420E-11  1.820011920183969183E-11  0.000000000000000000E+00  2.750000000124166455E-01  2.735140950494097335E-11  2.749999999850651355E-01
  3.954710564737195710E+01  1.099999999999839106E+00  1.654556291708963354E-11  1.820011920100589378E-11  0.000000000000000000E+00  2.750000000124164234E-01  2.728433559628045669E-11  2.749999999851320820E-01
  3.968685819186637076E+01  1.099999999999838440E+00  1.654556291791019670E-11  1.820011920152205448E-11  0.000000000000000000E+00  2.750000000124164234E-01  2.732476031666732801E-11  2.749999999850915033E-01
  3.982661075906963788E+01  1.099999999999837774E+00  1.654556291849253186E-11  1.820011920183969183E-11  0.000000000000000000E+00  2.750000000124162569E-01  2.743645304715111286E-11  2.749999999849798149E-01
  3.996636328162538376E+01  1.099999999999836886E+00  1.654556291912780657E-11  1.820011920131029624E-11  0.000000000000000000E+00  2.750000000124160904E-01  2.752051037349466421E-11  2.749999999848954935E-01
  4.010611585967129855E+01  1.099999999999836442E+00  1.654556291796313626E-11  1.820011920279260390E-11  0.000000000000000000E+00  2.750000000124161459E-01  2.750234293696785892E-11  2.749999999849136456E-01
  4.024586838419105561E+01  1.099999999999835776E+00  1.654556291817489450E-11  1.820011920258084566E-11  0.000000000000000000E+00  2.750000000124160904E-01  2.739725273833346987E-11  2.749999999850188948E-01
  4.038562094826772153E+01  1.099999999999835332E+00  1.654556291753961979E-11  1.820011920091324955E-11  0.000000000000000000E+00  2.750000000124159238E-01  2.729699385044558559E-11  2.749999999851189258E-01
  4.052537349680577705E+01  1.099999999999834666E+00  1.654556291769843847E-11  1.820011920149558470E-11  0.000000000000000000E+00  2.750000000124157573E-01  2.728905925885669877E-11  2.749999999851268084E-01
  4.066512603369086065E+01  1.099999999999833999E+00  1.654556291722198243E-11  1.820011920173381271E-11  0.000000000000000000E+00  2.750000000124157018E-01  2.737974615400212976E-11  2.749999999850359367E-01
  4.080487860649211029E+01  1.099999999999833999E+00  1.654556291732786155E-11  1.820011920003974682E-11  0.000000000000000000E+00  2.750000000124155908E-01  2.748862622099740672E-11  2.749999999849270238E-01
  4.094463112686371176E+01  1.099999999999833111E+00  1.654556291753961979E-11  1.820011920268672478E-11  0.000000000000000000E+00  2.750000000124156463E-01  2.751927145232511116E-11  2.749999999848963261E-01
  4.108438370355251124E+01  1.099999999999832223E+00  1.654556291753961979E-11  1.820011920226320831E-11  0.000000000000000000E+00  2.750000000124154798E-01  2.744406565962882230E-11  2.749999999849713772E-01
  4.122413623343904732E+01  1.099999999999831779E+00  1.654556291621613081E-11  1.820011920178675227E-11  0.000000000000000000E+00  2.750000000124154798E-01  2.732847305217962406E-11  2.749999999850868404E-01
  4.136388879042190325E+01  1.099999999999830891E+00  1.654556291715823783E-11  1.820011920236608889E-11  0.000000000000000000E+00  2.750000000124153132E-01  2.727348082088182507E-11  2.749999999851416299E-01
  4.150364134700174645E+01  1.099999999999830669E+00  1.654556291716904288E-11  1.820011920226320831E-11  0.000000000000000000E+00  2.750000000124152022E-01  2.732677024556452107E-11  2.749999999850885057E-01
  4.164339387725447494E+01  1.099999999999830003E+00  1.654556291637494949E-11  1.820011920258084566E-11  0.000000000000000000E+00  2.750000000124149802E-01  2.744079597707882046E-11  2.749999999849742083E-01
  4.178314645388435622E+01  1.099999999999829114E+00  1.654556291669258684E-11  1.820011920321612037E-11  0.000000000000000000E+00  2.750000000124149246E-01  2.751460969716222671E-11  2.749999999849002119E-01
  4.192289897430446644E+01  1.099999999999828670E+00  1.654556291648082861E-11  1.820011920215732919E-11  0.000000000000000000E+00  2.750000000124147581E-01  2.748262221361992616E-11  2.749999999849320753E-01
  4.206265154761462099E+01  1.099999999999828226E+00  1.654556291552791654E-11  1.820011920183969183E-11  0.000000000000000000E+00  2.750000000124147026E-01  2.737229924931592080E-11  2.749999999850424870E-01
  4.220240408432132284E+01  1.099999999999827338E+00  1.654556291708963354E-11  1.820011920236908742E-11  0.000000000000000000E+00  2.750000000124145916E-01  2.727998832492025200E-11  2.749999999851346910E-01
  4.234215663366713045E+01  1.099999999999826450E+00  1.654556291653376816E-11  1.820011920247496654E-11  0.000000000000000000E+00  2.750000000124144806E-01  2.728619675879183811E-11  2.749999999851284738E-01
  4.248190919765150397E+01  1.099999999999826672E+00  1.654556291648082861E-11  1.820011920311024125E-11  0.000000000000000000E+00  2.750000000124145361E-01  2.738478371644822039E-11  2.749999999850297194E-01
  4.262166172286483601E+01  1.099999999999826006E+00  1.654556291542203742E-11  1.820011920205145007E-11  0.000000000000000000E+00  2.750000000124144806E-01  2.748837021448294020E-11  2.749999999849260801E-01
  4.276141430129155196E+01  1.099999999999825562E+00  1.654556291605731213E-11  1.820011920141617536E-11  0.000000000000000000E+00  2.750000000124143140E-01  2.750519172819421250E-11  2.749999999849092602E-01
  4.290116682418967287E+01  1.099999999999824674E+00  1.654556291531615830E-11  1.820011920258084566E-11  0.000000000000000000E+00  2.750000000124143140E-01  2.741977981259813158E-11  2.749999999849945809E-01
  4.304091939226219665E+01  1.099999999999823785E+00  1.654556291542203742E-11  1.820011920321612037E-11  0.000000000000000000E+00  2.750000000124144250E-01  2.730658368597883895E-11  2.749999999851077126E-01
  4.318067193688872862E+01  1.099999999999823785E+00  1.654556291597790279E-11  1.820011920254114099E-11  0.000000000000000000E+00  2.750000000124143140E-01  2.726447580228427558E-11  2.749999999851499011E-01
  4.332042447838306742E+01  1.099999999999822453E+00  1.654556291685140552E-11  1.820011920284554346E-11  0.000000000000000000E+00  2.750000000124141475E-01  2.732980830683082526E-11  2.749999999850842869E-01
  4.346017704886347843E+01  1.099999999999822231E+00  1.654556291711610332E-11  1.820011920332199949E-11  0.000000000000000000E+00  2.750000000124140365E-01  2.744444793940266755E-11  2.749999999849697674E-01
  4.359992957062640073E+01  1.099999999999822009E+00  1.654556291552791654E-11  1.820011920289848302E-11  0.000000000000000000E+00  2.750000000124140365E-01  2.750690109778209137E-11  2.749999999849070953E-01
  4.373968214886870243E+01  1.099999999999820899E+00  1.654556291690434508E-11  1.820011920332199949E-11  0.000000000000000000E+00  2.750000000124139254E-01  2.746157855404901656E-11  2.749999999849523369E-01
  4.387943467597403213E+01  1.099999999999821121E+00  1.654556291902192745E-11  1.820011920337493905E-11  0.000000000000000000E+00  2.750000000124138699E-01  2.734766398008306777E-11  2.749999999850663013E-01
  4.401918723758814878E+01  1.099999999999819789E+00  1.654556291838665274E-11  1.820011920252790610E-11  0.000000000000000000E+00  2.750000000124138699E-01  2.726467126161912970E-11  2.749999999851491239E-01
  4.415893979015751114E+01  1.099999999999819345E+00  1.654556291817489450E-11  1.820011920279260390E-11  0.000000000000000000E+00  2.750000000124136479E-01  2.728490786936355444E-11  2.749999999851287513E-01
  4.429869232459147099E+01  1.099999999999818678E+00  1.654556291859841097E-11  1.820011920321612037E-11  0.000000000000000000E+00  2.750000000124134258E-01  2.738989604298710944E-11  2.749999999850236132E-01
  4.443844489979595380E+01  1.099999999999818456E+00  1.654556291881016921E-11  1.820011920215732919E-11  0.000000000000000000E+00  2.750000000124133148E-01  2.748663315067135418E-11  2.749999999849267462E-01
  4.457819742052066658E+01  1.099999999999817568E+00  1.654556291923368568E-11  1.820011920215732919E-11  0.000000000000000000E+00  2.750000000124132593E-01  2.748937071376437145E-11  2.749999999849238042E-01
  4.471794999638294854E+01  1.099999999999816902E+00  1.654556291997483951E-11  1.820011920311024125E-11  0.000000000000000000E+00  2.750000000124130373E-01  2.739503595606451591E-11  2.749999999850182286E-01
  4.485770252971384053E+01  1.099999999999816458E+00  1.654556291960426260E-11  1.820011920247496654E-11  0.000000000000000000E+00  2.750000000124128707E-01  2.728591630438867298E-11  2.749999999851270305E-01
  4.499745508379789527E+01  1.099999999999815348E+00  1.654556291900869256E-11  1.820011920214409430E-11  0.000000000000000000E+00  2.750000000124128707E-01  2.725730461054233251E-11  2.749999999851555632E-01
  4.513720764434481936E+01  1.099999999999815570E+00  1.654556291949838348E-11  1.820011920242202698E-11  0.000000000000000000E+00  2.750000000124127597E-01  2.733368193500274559E-11  2.749999999850790133E-01
  4.527696017266186601E+01  1.099999999999814682E+00  1.654556292008071863E-11  1.820011920374551596E-11  0.000000000000000000E+00  2.750000000124126487E-01  2.744719991165433704E-11  2.749999999849653820E-01
  4.541671275091610482E+01  1.099999999999814237E+00  1.654556291849253186E-11  1.820011920406315332E-11  0.000000000000000000E+00  2.750000000124125377E-01  2.749735884092758080E-11  2.749999999849151444E-01
  4.555646527268361723E+01  1.099999999999813571E+00  1.654556291912780657E-11  1.820011920321612037E-11  0.000000000000000000E+00  2.750000000124124266E-01  2.743937249028858686E-11  2.749999999849729315E-01
  4.569621784441284973E+01  1.099999999999813349E+00  1.654556292013365819E-11  1.820011920210438963E-11  0.000000000000000000E+00  2.750000000124123156E-01  2.732357136199241044E-11  2.749999999850888943E-01
  4.583597038507689803E+01  1.099999999999812239E+00  1.654556292006748374E-11  1.820011920291171791E-11  0.000000000000000000E+00  2.750000000124122601E-01  2.725112046983463934E-11  2.749999999851611698E-01
  4.597572293142744826E+01  1.099999999999811795E+00  1.654556292002777907E-11  1.820011920358669729E-11  0.000000000000000000E+00  2.750000000124122046E-01  2.728505941018922827E-11  2.749999999851270305E-01
  4.611547549899690779E+01  1.099999999999811351E+00  1.654556292103363070E-11  1.820011920395727420E-11  0.000000000000000000E+00  2.750000000124120381E-01  2.739486152389625948E-11  2.749999999850172294E-01
  4.625522802289051327E+01  1.099999999999810907E+00  1.654556291976308128E-11  1.820011920395727420E-11  0.000000000000000000E+00  2.750000000124119270E-01  2.748328653325497951E-11  2.749999999849286336E-01
  4.639498060201624696E+01  1.099999999999810241E+00  1.654556292113950982E-11  1.820011920279260390E-11  0.000000000000000000E+00  2.750000000124118715E-01  2.747190448001381782E-11  2.749999999849399024E-01
  4.653473312702054443E+01  1.099999999999809353E+00  1.654556292029247687E-11  1.820011920427491156E-11  0.000000000000000000E+00  2.750000000124117605E-01  2.737005043854878296E-11  2.749999999850418764E-01
  4.667448569294402461E+01  1.099999999999808686E+00  1.654556291976308128E-11  1.820011920488371649E-11  0.000000000000000000E+00  2.750000000124117605E-01  2.726663337991606932E-11  2.749999999851449606E-01
  4.681423824156301805E+01  1.099999999999808242E+00  1.654556292005424885E-11  1.820011920401021376E-11  0.000000000000000000E+00  2.750000000124116495E-01  2.725192469205567253E-11  2.749999999851595600E-01
  4.695399078039441321E+01  1.099999999999807354E+00  1.654556292061011422E-11  1.820011920332199949E-11  0.000000000000000000E+00  2.750000000124116495E-01  2.733817959284459883E-11  2.749999999850734067E-01
  4.709374335361857788E+01  1.099999999999806910E+00  1.654556292113950982E-11  1.820011920321612037E-11  0.000000000000000000E+00  2.750000000124114830E-01  2.744886752555173364E-11  2.749999999849626064E-01
  4.723349587521617821E+01  1.099999999999806022E+00  1.654556292135126805E-11  1.820011920321612037E-11  0.000000000000000000E+00  2.750000000124112609E-01  2.748597118975732716E-11  2.749999999849253585E-01
  4.737324845310609334E+01  1.099999999999806022E+00  1.654556291955132304E-11  1.820011920448666979E-11  0.000000000000000000E+00  2.750000000124113164E-01  2.741619503218143082E-11  2.749999999849950805E-01
  4.751300098342173328E+01  1.099999999999805578E+00  1.654556292061011422E-11  1.820011920549252142E-11  0.000000000000000000E+00  2.750000000124113164E-01  2.730022875156291250E-11  2.749999999851110433E-01
  4.765275354222963955E+01  1.099999999999804912E+00  1.654556292085826841E-11  1.820011920489364265E-11  0.000000000000000000E+00  2.750000000124110944E-01  2.723938936106002431E-11  2.749999999851717725E-01
  4.779250609903606772E+01  1.099999999999804245E+00  1.654556292092775158E-11  1.820011920475136759E-11  0.000000000000000000E+00  2.750000000124110389E-01  2.728650103342461067E-11  2.749999999851245880E-01
  4.793225863102293971E+01  1.099999999999803357E+00  1.654556292071599334E-11  1.820011920491018627E-11  0.000000000000000000E+00  2.750000000124109834E-01  2.739945171850368509E-11  2.749999999850116783E-01
  4.807201120839616237E+01  1.099999999999803801E+00  1.654556292029247687E-11  1.820011920512194450E-11  0.000000000000000000E+00  2.750000000124109278E-01  2.747823881795435865E-11  2.749999999849326859E-01
  4.821176372975143209E+01  1.099999999999802247E+00  1.654556292113950982E-11  1.820011920459254891E-11  0.000000000000000000E+00  2.750000000124109834E-01  2.745289996035898461E-11  2.749999999849581656E-01
  4.835151630459416339E+01  1.099999999999802025E+00  1.654556291902192745E-11  1.820011920321612037E-11  0.000000000000000000E+00  2.750000000124108723E-01  2.734505424377292389E-11  2.749999999850659127E-01
  4.849126884150811634E+01  1.099999999999801137E+00  1.654556291825430384E-11  1.820011920363963685E-11  0.000000000000000000E+00  2.750000000124108723E-01  2.724887139261252830E-11  2.749999999851618915E-01
  4.863102139279262559E+01  1.099999999999800693E+00  1.654556291973661150E-11  1.820011920287201324E-11  0.000000000000000000E+00  2.750000000124107058E-01  2.724826505861172055E-11  2.749999999851624466E-01
  4.877077395700937501E+01  1.099999999999800249E+00  1.654556292156302629E-11  1.820011920311024125E-11  0.000000000000000000E+00  2.750000000124106503E-01  2.734308782741508378E-11  2.749999999850674670E-01
  4.891052648376376766E+01  1.099999999999800249E+00  1.654556292092775158E-11  1.820011920300436214E-11  0.000000000000000000E+00  2.750000000124105393E-01  2.744927144059423008E-11  2.749999999849611632E-01
  4.905027906312613339E+01  1.099999999999799138E+00  1.654556292145714717E-11  1.820011920353375773E-11  0.000000000000000000E+00  2.750000000124104282E-01  2.747276783702977230E-11  2.749999999849376819E-01
  4.919003158668911624E+01  1.099999999999799138E+00  1.654556292113950982E-11  1.820011920385139508E-11  0.000000000000000000E+00  2.750000000124103727E-01  2.739223887867348908E-11  2.749999999850180066E-01
  4.932978415643614767E+01  1.099999999999798472E+00  1.654556292225124056E-11  1.820011920332199949E-11  0.000000000000000000E+00  2.750000000124101507E-01  2.727784019424963317E-11  2.749999999851324706E-01
  4.946953670115363622E+01  1.099999999999798028E+00  1.654556292054393977E-11  1.820011920330214716E-11  0.000000000000000000E+00  2.750000000124100397E-01  2.722950279695209455E-11  2.749999999851806542E-01
  4.960928924451859956E+01  1.099999999999797362E+00  1.654556291986896039E-11  1.820011920321612037E-11  0.000000000000000000E+00  2.750000000124098731E-01  2.728905819064517152E-11  2.749999999851210353E-01
  4.974904181533148773E+01  1.099999999999796696E+00  1.654556291955132304E-11  1.820011920438079067E-11  0.000000000000000000E+00  2.750000000124098176E-01  2.740345376113782425E-11  2.749999999850064047E-01
  4.988879433843001010E+01  1.099999999999796030E+00  1.654556291817489450E-11  1.820011920353375773E-11  0.000000000000000000E+00  2.750000000124098176E-01  2.747141107431271407E-11  2.749999999849384036E-01
